        10      0.06611533728553852
        11                        1
        12      0.04788435815510192
        13        8.254699968676952
        14        1.088982188269856
        15        16.09140866224548
        16      0.02834295493489703
        17         2.85775179802023
        18        20.45486039120056
        19        1.386602237459841
        20      0.01868411468971647
        21      0.01704121060891969
        22        1.237302459377631
        23        62.71300095345866
        24        1.332825089428771
        25        796.4775648656806
        26        1.655207977706988
        27        3.180014323360457
        28        1.460223258724304
        29        1.180897746614063
        30        8.520167085077265
        31        4.926555421171215
        32        2.431685093594219
        33        3.725933784399097
        34        6.657284732568714
        35        2.407045809728973
        36        6.378622940125297
        37        1.355773727868778
        38        10.85979371864777
        39        3.613943344702457
        40        1.352753170326964
        41        10.44626487210814
        42        8.853193791484539
        43        1.124262666011848
        44        3.175463451214335
        45        1.255841917323715
        46        2.477750973443081
        47         1.94688262063265
        48        8.407583261092519
        49        1.399125096527108
        50        5.937522236205453
        51        25.05530745551286
        52        2.518032997513034
        53        65.62530210955504
        54        2.606726898561047
        55        1.670234852940379
        56        1.544275688298435
        57        3.576914356455497
        58        2.588846748175532
        59        2.639877944546087
        60        1.967118273809297
        61        2.199272993355566
        62        1.290790499111502
        63        1.553049026703391
        65     0.001910876191417458
        66        50.90723735687497
        67        23.65640229244442
        68        1.734209343311124
        69        4.345266641388175
        70        9.148934539295134
        71         15.8081845274916
        72        5.588848702545027
        73        8.376221499984911
        75        4.309577285518039
        76        4.407096356174161
        77        10.74783321333786
        78        5.423012756501054
        80     0.001269164230220564
        81        62.97236505159393
        82     0.001208780450875985
        84        1.015754910513968
        85         13.0303797393535
        86        1.479263008025498
        88      0.00105139195669833
        89        69.39933734190777
        91    0.0009839807219018603
        92        71.80843889285188
        94    0.0009228497016633215
        95        74.21706653664664
        97        7.275342179105555
        98        200.6540442719886
       100        3.167621951670699
       102        10.14501530078548
       103        4.816881435275073
       105        3.038132057970478
       107        26.02648149779944
       108        4.744222084391121
       110         3.56713091644433
       112          8.4835394494776
       114         10.2690119608496
       116        11.11148084184683
       118        8.446826649650685
       119        15.01678666786127
       121        3.411992112372218
       123        11.23921595412128
       125        113.9432750194444
       127        4.901509389805675
       130        63.52789421744673
       132        12.35946828600054
       134         5.32444772253826
       136        10.11235856427009
       138        18.32213553581532
       140        3.798124753600862
       143         17.5691473878458
       145        703907550887.6589
       147        208857204590.4855
       150        2.866676091426894
       152        6.183980891648726
       155        3.763224098027166
       157        45.51955246472617
       160        5.090254691865471
       162        3.904693443969883
       165        10.12805345885194
       168        19.52219147481108
       171        12.89719959800744
       173        7.114144999048985
       176        42.92964047228741
       179        17.68972103691138
       182        2.462873491379574
       185        62.59714824428312
       188        53.69638882883658
       191        1.822135613327497
       194        124.9266663500145
       197        5.954110823413183
       200    0.0002062399967244902
       204    0.0001982710756513857
       207    0.0001925936192429029
       210    0.0001871565672253935
       214    0.0001802581292205861
       217    0.0001753315515782544
       221    0.0001690708538684733
       224    0.0001645927971022062
       228    0.0001588935918548484
       232    0.0001534853449641985
       236    0.0001483485833398195
       239    0.0001446633681296602
       243    0.0001399595794824241
       247    0.0001354815282765034
       251    0.0001312149982444093
       255     0.000127146874844422
       260    0.0001223223633398694
       264    0.0001186577434918298
       268    0.0001151553675207725
       272    0.0001118057977087468
       277    0.0001078204314590051
       281    0.0001047835799194547
       286    0.0001011646068877618
       291    9.772992914550683e-05
       295     9.51065763766141e-05
       300    9.197330562036042e-05
       305    8.899235729288517e-05
       310    8.615401577261211e-05
       315    8.344932786500002e-05
       320    8.087003212268474e-05
       325    7.840849568941608e-05
       331    7.560018988289059e-05
       336    7.337360074468465e-05
       341    7.124394780702547e-05
       347    6.880853884811434e-05
       353    6.649590516801578e-05
       358    6.465662160053982e-05
       364    6.254847505616023e-05
       370    6.054177623595999e-05
       376    5.863011898565469e-05
       382    5.680759494164519e-05
       389    5.478671531150628e-05
       395    5.313914164652685e-05
       401    5.156478495759027e-05
       408    4.981488787248215e-05
       414    4.838491164523907e-05
       421    4.679308285393475e-05
       428     4.52785354339593e-05
       435    4.383634663919105e-05
       442    4.246197953873106e-05
       449    4.115124729033265e-05
       457    3.972623853963576e-05
       464    3.853920978765904e-05
       472     3.72466113010545e-05
       479    3.616819657602241e-05
       487    3.499209877821646e-05
       495    3.387244719799753e-05
       503    3.280568666346204e-05
       511    3.178853755706473e-05
       519    3.081797056940105e-05
       528    2.977828281146158e-05
       537    2.879033381076773e-05
       545    2.795285582415352e-05
       554    2.705364196483882e-05
       563    2.619713027716312e-05
       572    2.538065915886437e-05
       582     2.45174476451466e-05
       591    2.377766180162815e-05
       601    2.299427817865667e-05
       610    2.232186711956148e-05
       620    2.160876392683754e-05
       630     2.09292942549855e-05
       641    2.021824395339088e-05
       651    1.960281572484011e-05
       662    1.895774863636729e-05
       672    1.839856010371436e-05
       683    1.781155821325525e-05
       695    1.720266761264852e-05
       706    1.667153495418207e-05
       717    1.616462594092964e-05
       729    1.563755915484736e-05
       741    1.513585666338347e-05
       753     1.46579168132921e-05
       765    1.420226205958633e-05
       778    1.373220476276108e-05
       790    1.331871499924864e-05
       803    1.289149570660229e-05
       816    1.248450706666951e-05
       829    1.209649160092773e-05
       843    1.169851736238125e-05
       857    1.131986482202216e-05
       870    1.098448232211223e-05
       885      1.0615698054829e-05
       899    1.028800266762709e-05
       914    9.953457967311934e-06
       928     9.65572359821299e-06
       944    9.331527093529916e-06
       959    9.042196657009202e-06
       974    8.766116852960609e-06
       990    8.485340056013328e-06
      1006     8.21784016318909e-06
      1023    7.947248424551902e-06
      1039    7.704599841217083e-06
      1056    7.458763828292484e-06
      1073    7.224508886952364e-06
      1091    6.988302207335119e-06
      1109    6.763493175081164e-06
      1127    6.549360116108196e-06
      1145    6.345237593888534e-06
      1164    6.139956965164924e-06
      1183    5.944479378838572e-06
      1202    5.758190440563942e-06
      1221    5.580523148843484e-06
      1241    5.402243823716452e-06
      1261    5.232373149644611e-06
      1282    5.062489677114199e-06
      1303    4.900747459180162e-06
      1324    4.746634490025674e-06
      1345    4.599678387680824e-06
      1367    4.452925515945781e-06
      1389    4.313085447566014e-06
      1412    4.173816735414235e-06
      1435    4.041186145177523e-06
      1458    3.914778410944303e-06
      1482    3.789095054389755e-06
      1506    3.669368509035876e-06
      1531    3.550588443369807e-06
      1555     3.44190365539325e-06
      1581    3.329698928312206e-06
      1606    3.226905136503496e-06
      1633    3.121144498860175e-06
      1659    3.024139559410694e-06
      1686     2.92811322183925e-06
      1713    2.836589035113933e-06
      1741     2.74613433204014e-06
      1770    2.656935308591911e-06
      1798    2.574872906147599e-06
      1828    2.491097554426896e-06
      1857    2.413941533239391e-06
      1887    2.337836884214816e-06
      1918     2.26291508022322e-06
      1949    2.191537979753596e-06
      1981    2.121343230208058e-06
      2013    2.054467743640544e-06
      2046    1.988760983811625e-06
      2079    1.926156728783971e-06
      2113    1.864697295731958e-06
      2147    1.806133161384874e-06
      2182    1.748682091198103e-06
      2218    1.692402826322891e-06
      2254    1.638797399452303e-06
      2290    1.587699068552748e-06
      2328    1.536311924990139e-06
      2365     1.48863733077892e-06
      2404     1.44074868703159e-06
      2443    1.395134240131633e-06
      2483    1.350564167603223e-06
      2523    1.308096279705545e-06
      2564    1.266612227999453e-06
      2606    1.226129540166893e-06
      2648    1.187557109562773e-06
      2691    1.149921820516614e-06
      2735    1.113233436745754e-06
      2779    1.078273265429943e-06
      2824    1.044194814416682e-06
      2870    1.011002091430438e-06
      2917    9.786961262931265e-07
      2964    9.479142461805004e-07
      3013    9.173434039769689e-07
      3061    8.888082536266891e-07
      3111    8.604769860516038e-07
      3162    8.329521462878815e-07
      3213    8.067271624534541e-07
      3265    7.812428597927524e-07
      3318    7.564912455229585e-07
      3372    7.324630462734379e-07
      3427    7.091478213399035e-07
      3483    6.865340661062372e-07
      3539    6.649849984532747e-07
      3597     6.43718564809471e-07
      3655    6.234562119676443e-07
      3715    6.034856103209028e-07
      3775    5.844593600965055e-07
      3837    5.657288532446588e-07
      3899    5.478845187762917e-07
      3962    5.306034588540818e-07
      4027    5.136168302436931e-07
      4092    4.974330591992982e-07
      4159    4.815389588778034e-07
      4226    4.663946511470307e-07
      4295    4.515329730605012e-07
      4365    4.371701741579065e-07
      4436    4.232910221514751e-07
      4508    4.098806294696936e-07
      4581    3.969242527683858e-07
      4655    3.844074773538041e-07
      4731     3.72158725769462e-07
      4808    3.603363340617433e-07
      4886    3.489256201455451e-07
      4965    3.379123344866536e-07
      5046    3.271529479332203e-07
      5128    3.167757321403791e-07
      5211    3.067668308527671e-07
      5296    2.970004831904994e-07
      5382    2.875863448666078e-07
      5470    2.784091456427989e-07
      5559    2.695673193357453e-07
      5649    2.610476859098245e-07
      5741    2.527494623417473e-07
      5834    2.447567682563024e-07
      5929     2.36977401208925e-07
      6025    2.294869276225016e-07
      6123     2.22200836615909e-07
      6223    2.151179584089527e-07
      6324    2.083026241767316e-07
      6426    2.017432130611817e-07
      6531    1.953093295285606e-07
      6637    1.891213727940336e-07
      6745    1.831143304076316e-07
      6854    1.773371771096766e-07
      6966    1.716812313013241e-07
      7079    1.662446613661954e-07
      7194    1.609727395699404e-07
      7311    1.558623595630928e-07
      7430     1.50910305143411e-07
      7550    1.461517742639294e-07
      7673    1.415040942674429e-07
      7798    1.370043589478386e-07
      7925    1.326489247751087e-07
      8053    1.284659519561663e-07
      8184      1.2438658608046e-07
      8317    1.204404803546296e-07
      8452    1.166240344577039e-07
      8590    1.129072710603254e-07
      8729    1.093402682331479e-07
      8871    1.058680774523276e-07
      9015    1.025131458224781e-07
      9162    9.925016135115058e-08
      9311    9.609921792975776e-08
      9462    9.305664076705092e-08
      9616    9.010006841584757e-08
      9772      8.7246356025557e-08
      9931    8.447508559244561e-08
     10092    8.180136795773393e-08
     10256    7.920625346129579e-08
     10423    7.668846578710613e-08
     10592    7.426082851035911e-08
     10764    7.190651494229666e-08
     10939    6.962425295708834e-08
     11117    6.741251404770166e-08
     11297    6.528134211957945e-08
     11481     6.32056164692868e-08
     11668    6.119588383045704e-08
     11857    5.926034589709361e-08
     12050    5.737716821119051e-08
     12246    5.555516323614189e-08
     12445    5.379250814323917e-08
     12647    5.208772899382146e-08
     12852    5.043921890340932e-08
     13061    4.883767691520948e-08
     13273    4.728990006320025e-08
     13489    4.578736419777321e-08
     13708    4.433596751633307e-08
     13931    4.292763114148516e-08
     14157    4.156780257443566e-08
     14387    4.024914371375031e-08
     14621    3.897089240371054e-08
     14859    3.773232032797596e-08
     15100    3.653714916035146e-08
     15346    3.537480592516086e-08
     15595    3.425386665150652e-08
     15848    3.316858835944169e-08
     16106    3.211413496813429e-08
     16368    3.109395824974178e-08
     16634     3.01069813305798e-08
     16904    2.915249598502349e-08
     17179    2.822618925452229e-08
     17458     2.73309084040428e-08
     17741    2.646533233692799e-08
     18030    2.562332689788183e-08
     18323    2.480990574709306e-08
     18620    2.402426891818119e-08
     18923    2.326067840857943e-08
     19230     2.25233762941824e-08
     19543    2.180718255893709e-08
     19860    2.111613978646901e-08
     20183    2.044526515589981e-08
     20511    1.979623708393059e-08
     20844      1.9168177597646e-08
     21183    1.855949802334198e-08
     21527     1.79750844645367e-08
     21877    1.740898640641227e-08
     22233    1.686103357531651e-08
     22594     1.63327211357787e-08
     22961    1.582029444545006e-08
     23334    1.532474576665427e-08
     23713     1.48491786011541e-08
     24099    1.438274088151481e-08
     24490    1.393629024689357e-08
     24888    1.350169380225221e-08
     25292    1.308203615503667e-08
     25703    1.267503579915926e-08
     26121    1.228055830436827e-08
     26546    1.189841956066627e-08
     26977    1.152926617487195e-08
     27415    1.117191424694851e-08
     27861    1.082538166034439e-08
     28313    1.049329693427459e-08
     28773    1.017056193851528e-08
     29241    9.858125012015839e-09
     29716    9.555685697322468e-09
     30199    9.262171314710678e-09
     30690    8.977722521243762e-09
     31188    8.702728044610388e-09
     31695    8.435876155176736e-09
     32210    8.177506495978483e-09
     32734    7.926969282128221e-09
     33265    7.685016525011259e-09
     33806    7.450219798497408e-09
     34355    7.223307511447935e-09
     34914    7.003308562575447e-09
     35481    6.790880208233859e-09
     36057      6.5855782896842e-09
     36643    6.388850558477085e-09
     37239    6.201610438314894e-09
     37844    6.023946812730401e-09
     38459    5.848752776416244e-09
     39084    5.681354735703294e-09
     39719    5.516835672985818e-09
     40364    5.358291932691663e-09
     41020    5.205493501121747e-09
     41686    5.056711704591973e-09
     42364    4.913162424435553e-09
     43052    4.775315339444721e-09
     43752    4.640439627106178e-09
     44463    4.517311769813626e-09
     45185    4.390136360086713e-09
     45919    4.275125284204203e-09
     46665       0.9981568747661655
     47424       0.9994935227485794
     48194       0.9996991079829219
     48977       0.9997823205844029
     49773       0.9998248299965898
