        10      0.06611533728553837
        11      0.05591503967990945
        12      0.04788435815510192
        13      0.04145396292165378
        14      0.03622828497202946
        15      0.03192602266955879
        16      0.02834295493489656
        17       0.0253280578042166
        18      0.02276778325863942
        19      0.02057547774180897
        20      0.01868411468971676
        21      0.01704121060891969
        22      0.01560520856736026
        23      0.01434286583195353
        24      0.01322734014235834
        25      0.01223676954136881
        26      0.01135320582800987
        27      0.01056180469546575
        28     0.009850204452756268
        29     0.009208044860392185
        30     0.008626591161626443
        31     0.008098437867344712
        32     0.007617273560187255
        33     0.007177692785274901
        34     0.006775044569214582
        35     0.006405309648063941
        36     0.006065000357907329
        37     0.005751078535822473
        38      0.00546088782515349
        39     0.005192097570716145
        40     0.004942656092548534
        41     0.004710751590163851
        42     0.004494779286995849
        43     0.004293313703136585
        44     0.004105085162331172
        45     0.003928959810550412
        46     0.003763922559368208
        47     0.003609062475205746
        48     0.003463560221954439
        49     0.003326677233894301
        50     0.003197746351861452
        51     0.003076163701100794
        52      0.00296138162625473
        53     0.002852902529135164
        54     0.002750273479980667
        55     0.002653081493192953
        56     0.002560949375565368
        57     0.002473532069179297
        58     0.002390513422689304
        59      0.00231160333470445
        60     0.002236535220967329
        61     0.002165063764198409
        62     0.002096962911017545
        63     0.002032024085497369
        65     0.001910876191416754
        66     0.001854323810143848
        67     0.001800244399504079
        68      0.00174849589574795
        69     0.001698946288489661
        70     0.001651472779153567
        71     0.001605961020529197
        72     0.001562304428431215
        73     0.001520403557980124
        75     0.001441503554079843
        76     0.001404336385519763
        77     0.001368587973908164
        78     0.001334187036619312
        80     0.001269164230220564
        81     0.001238420624668221
        82     0.001208780450875772
        84      0.00115260477324138
        85     0.001125973861389909
        86     0.001100255160234019
        88     0.001051391956698021
        89     0.001028171829569798
        91    0.0009839807219024991
        92    0.0009629457775754123
        94    0.0009228497016624971
        95    0.0009037341749951292
        97    0.0008672424672408893
        98    0.0008498197925953574
       100    0.0008165131217540963
       102    0.0007851265264578687
       103    0.0007701074730798398
       105    0.0007413337775254671
       107    0.0007141428586604919
       108    0.0007011049157917539
       110      0.00067607764485666
       112     0.000652366766088337
       114    0.0006298815637081916
       116    0.0006085390027914087
       118    0.0005882629619869875
       119    0.0005785028202976448
       121    0.0005596973026815999
       123    0.0005417939764557456
       125    0.0005247360470569524
       127    0.0005084711192628723
       130    0.0004854557373764789
       132    0.0004709694357739206
       134     0.000457121953065738
       136    0.0004438762763304492
       138    0.0004311980347011154
       140     0.000419055276326724
       143     0.000401780687235365
       145    0.0003908509563028189
       147     0.000380361186919924
       150    0.0003654009142910582
       152    0.0003559124137436454
       155    0.0003423578842817589
       157    0.0003337471770952811
       160    0.0003214276506240379
       162    0.0003135897220200588
       165    0.0003023596123964446
       168    0.0002917220920392989
       171    0.0002816361919904226
       173    0.0002752000689273346
       176    0.0002659517868819365
       179    0.0002571619593582921
       182    0.0002488007791134111
       185    0.0002408408224620005
       188    0.0002332568241721411
       191    0.0002260254767497456
       194    0.0002191252512292832
       197    0.0002125362367310112
       200    0.0002062399967247389
       204    0.0001982710756511795
       207    0.0001925936192429029
       210    0.0001871565672257876
       214    0.0001802581292207923
       217    0.0001753315515786608
       221    0.0001690708538684733
       224    0.0001645927971024283
       228    0.0001588935918548484
       232    0.0001534853449644249
       236    0.0001483485833391689
       239    0.0001446633681300597
       243    0.0001399595794824241
       247    0.0001354815282767257
       251    0.0001312149982441548
       255     0.000127146874844422
       260    0.0001223223633395168
       264     0.000118657743492091
       268    0.0001151553675207725
       272    0.0001118057977087468
       277    0.0001078204314590051
       281    0.0001047835799194547
       286    0.0001011646068884258
       291    9.772992914487736e-05
       295     9.51065763766141e-05
       300    9.197330562075788e-05
       305    8.899235729288517e-05
       310    8.615401577219163e-05
       315    8.344932786500002e-05
       320    8.087003212268474e-05
       325    7.840849569100873e-05
       331    7.560018988353712e-05
       336    7.337360074468465e-05
       341    7.124394780702547e-05
       347    6.880853884826596e-05
       353    6.649590516746131e-05
       358    6.465662160053982e-05
       364    6.254847505676264e-05
       370    6.054177623580658e-05
       376    5.863011898565469e-05
       382    5.680759494164519e-05
       389    5.478671531196376e-05
       395    5.313914164730049e-05
       401    5.156478495832416e-05
       408    4.981488787248215e-05
       414    4.838491164556334e-05
       421    4.679308285393475e-05
       428     4.52785354339593e-05
       435    4.383634663919105e-05
       442    4.246197953873106e-05
       449    4.115124729033265e-05
       457    3.972623853963576e-05
       464    3.853920978765904e-05
       472     3.72466113010545e-05
       479    3.616819657640113e-05
       487    3.499209877821646e-05
       495    3.387244719799753e-05
       503    3.280568666313367e-05
       511    3.178853755645965e-05
       519    3.081797056858195e-05
       528    2.977828281228588e-05
       537    2.879033381076773e-05
       545     2.79528558256571e-05
       554    2.705364196399597e-05
       563    2.619713027618424e-05
       572    2.538065915737263e-05
       582     2.45174476437553e-05
       591    2.377766180183364e-05
       601    2.299427817904848e-05
       610    2.232186712009178e-05
       620    2.160876392602919e-05
       630    2.092929425797681e-05
       641    2.021824395102309e-05
       651    1.960281572146996e-05
       662     1.89577486367988e-05
       672    1.839856010517444e-05
       683    1.781155821251328e-05
       695    1.720266761355451e-05
       706    1.667153495080763e-05
       717    1.616462594186426e-05
       729    1.563755915263013e-05
       741    1.513585666418836e-05
       753    1.465791681198346e-05
       765    1.420226206374095e-05
       778     1.37322047634371e-05
       790     1.33187150003788e-05
       803    1.289149570712558e-05
       816    1.248450706525153e-05
       829    1.209649160014314e-05
       843    1.169851736240532e-05
       857    1.131986482272737e-05
       870    1.098448232063053e-05
       885    1.061569805627506e-05
       899    1.028800266875961e-05
       914    9.953457968136485e-06
       928    9.655723596818919e-06
       944    9.331527094832011e-06
       959    9.042196658163242e-06
       974    8.766116850947791e-06
       990    8.485340055889664e-06
      1006    8.217840161266317e-06
      1023    7.947248423725722e-06
      1039    7.704599841912623e-06
      1056    7.458763826002782e-06
      1073    7.224508889867983e-06
      1091    6.988302207776873e-06
      1109    6.763493175735336e-06
      1127    6.549360116750395e-06
      1145    6.345237593676576e-06
      1164    6.139956967884707e-06
      1183    5.944479380695788e-06
      1202    5.758190441156111e-06
      1221    5.580523149038249e-06
      1241    5.402243820248635e-06
      1261    5.232373152123553e-06
      1282    5.062489676925429e-06
      1303     4.90074745786996e-06
      1324    4.746634491139723e-06
      1345     4.59967838786441e-06
      1367    4.452925515763376e-06
      1389    4.313085447747466e-06
      1412    4.173816736133869e-06
      1435    4.041186145534761e-06
      1458    3.914778412544644e-06
      1482    3.789095053860208e-06
      1506    3.669368510441222e-06
      1531    3.550588443195078e-06
      1555    3.441903654003782e-06
      1581      3.3296989267565e-06
      1606    3.226905133746618e-06
      1633     3.12114449714627e-06
      1659    3.024139558044104e-06
      1686    2.928113222009305e-06
      1713    2.836589035961086e-06
      1741    2.746134334067075e-06
      1770    2.656935308591911e-06
      1798    2.574872907491639e-06
      1828    2.491097554259339e-06
      1857    2.413941533741044e-06
      1887    2.337836883714191e-06
      1918    2.262915081056566e-06
      1949    2.191537978422348e-06
      1981     2.12134322887874e-06
      2013    2.054467741149526e-06
      2046    1.988760980659523e-06
      2079    1.926156728949793e-06
      2113    1.864697296560843e-06
      2147    1.806133161053341e-06
      2182    1.748682092856066e-06
      2218     1.69240282682044e-06
      2254    1.638797399120421e-06
      2290    1.587699066891568e-06
      2328     1.53631192266207e-06
      2365    1.488637327282679e-06
      2404    1.440748687699012e-06
      2443    1.395134241301327e-06
      2483    1.350564167938128e-06
      2523    1.308096280544288e-06
      2564    1.266612230859208e-06
      2606    1.226129542000403e-06
      2648     1.18755711023907e-06
      2691    1.149921819866684e-06
      2735    1.113233436745754e-06
      2779    1.078273265429943e-06
      2824    1.044194814006693e-06
      2870    1.011002092680356e-06
      2917     9.78696125025241e-07
      2964    9.479142451785137e-07
      3013    9.173434041227392e-07
      3061    8.888082549570244e-07
      3111    8.604769860516038e-07
      3162    8.329521481232829e-07
      3213    8.067271624534541e-07
      3265    7.812428588452726e-07
      3318    7.564912455229585e-07
      3372    7.324630473677426e-07
      3427    7.091478213399035e-07
      3483    6.865340661062372e-07
      3539    6.649849984532747e-07
      3597     6.43718564809471e-07
      3655    6.234562112608204e-07
      3715    6.034856103209028e-07
      3775    5.844593600965055e-07
      3837     5.65728852873707e-07
      3899    5.478845191537555e-07
      3962    5.306034577066957e-07
      4027    5.136168302436931e-07
      4092    4.974330609767557e-07
      4159    4.815389588778034e-07
      4226    4.663946511470307e-07
      4295    4.515329730605012e-07
      4365    4.371701741579065e-07
      4436     4.23291022437619e-07
      4508    4.098806275118259e-07
      4581    3.969242525470592e-07
      4655    3.844074773538041e-07
      4731    3.721587237124713e-07
      4808    3.603363340617433e-07
      4886    3.489256199095217e-07
      4965    3.379123335262599e-07
      5046      3.2715294744629e-07
      5128     3.16775734374371e-07
      5211    3.067668304744359e-07
      5296     2.97000483705285e-07
      5382    2.875863448666078e-07
      5470    2.784091445872139e-07
      5559    2.695673189334681e-07
      5649    2.610476880899977e-07
      5741    2.527494638649987e-07
      5834    2.447567682563024e-07
      5929    2.369773994912337e-07
      6025    2.294869282037811e-07
      6123     2.22200836615909e-07
      6223    2.151179584089527e-07
      6324    2.083026241767316e-07
      6426    2.017432130611817e-07
      6531    1.953093295285606e-07
      6637    1.891213724263302e-07
      6745    1.831143304076316e-07
      6854    1.773371743237387e-07
      6966    1.716812313013241e-07
      7079    1.662446606828028e-07
      7194    1.609727388754649e-07
      7311    1.558623595630928e-07
      7430     1.50910305143411e-07
      7550    1.461517749921778e-07
      7673    1.415040938968557e-07
      7798    1.370043589478386e-07
      7925    1.326489236285263e-07
      8053    1.284659507902765e-07
      8184      1.2438658608046e-07
      8317    1.204404794341887e-07
      8452    1.166240344577039e-07
      8590    1.129072710603254e-07
      8729    1.093402682331479e-07
      8871    1.058680774523276e-07
      9015    1.025131458224781e-07
      9162    9.925016135115058e-08
      9311    9.609921792975776e-08
      9462    9.305664076705092e-08
      9616     9.01000727048647e-08
      9772      8.7246356025557e-08
      9931    8.447508863369254e-08
     10092    8.180136795773393e-08
     10256    7.920625234863277e-08
     10423    7.668846578710613e-08
     10592    7.426082544289861e-08
     10764    7.190651546182816e-08
     10939    6.962425335265955e-08
     11117    6.741251069766737e-08
     11297    6.528134293699982e-08
     11481    6.320562016316143e-08
     11668    6.119588565876487e-08
     11857    5.926034723222534e-08
     12050    5.737716821119051e-08
     12246     5.55551614649177e-08
     12445    5.379250949323283e-08
     12647    5.208773097544674e-08
     12852    5.043921657987522e-08
     13061    4.883767691520948e-08
     13273    4.728989878126526e-08
     13489    4.578736419777321e-08
     13708    4.433596487290607e-08
     13931    4.292762979667298e-08
     14157     4.15678030865059e-08
     14387    4.024914562329289e-08
     14621     3.89708952231147e-08
     14859    3.773232032797596e-08
     15100    3.653715043423313e-08
     15346    3.537480648000056e-08
     15595    3.425386665150652e-08
     15848    3.316858433871778e-08
     16106    3.211413069641722e-08
     16368    3.109395667167601e-08
     16634     3.01069813305798e-08
     16904    2.915249598502349e-08
     17179    2.822618801235407e-08
     17458    2.733090756248661e-08
     17741    2.646533219417254e-08
     18030    2.562332863665519e-08
     18323    2.480990574709306e-08
     18620    2.402427826383438e-08
     18923    2.326067726839263e-08
     19230     2.25233762941824e-08
     19543    2.180718199307912e-08
     19860    2.111614026525301e-08
     20183    2.044526223650307e-08
     20511    1.979623807260022e-08
     20844    1.916817826781358e-08
     21183    1.855949342749857e-08
     21527    1.797508894040836e-08
     21877    1.740897201886948e-08
     22233    1.686103060691924e-08
     22594    1.633270505122854e-08
     22961    1.582028712875686e-08
     23334    1.532473732915222e-08
     23713    1.484918117351601e-08
     24099    1.438273483610093e-08
     24490    1.393628227695403e-08
     24888    1.350170410244126e-08
     25292    1.308202972839283e-08
     25703    1.267504936670959e-08
     26121    1.228054630214591e-08
     26546    1.189840603115364e-08
     26977    1.152927182993333e-08
     27415    1.117191963310946e-08
     27861     1.08253965964866e-08
     28313    1.049328336916928e-08
     28773    1.017056440481803e-08
     29241    9.858126382682544e-09
     29716    9.555702470784977e-09
     30199    9.262182318112139e-09
     30690    8.977720777227582e-09
     31188     8.70270416571494e-09
     31695    8.435868875818731e-09
     32210    8.177519880156949e-09
     32734    7.926952792662715e-09
     33265    7.685036618270599e-09
     33806    7.450237870562204e-09
     34355    7.223300144858849e-09
     34914    7.003301248650753e-09
     35481    6.790884220521054e-09
     36057    6.585577577129703e-09
     36643    6.388850310043584e-09
     37239    6.201618012540973e-09
     37844    6.023936421408708e-09
     38459    5.848757860951053e-09
     39084    5.681353675772857e-09
     39719    5.516841189079679e-09
     40364    5.358318802744562e-09
     41020    5.205499897605989e-09
     41686    5.056715280411454e-09
     42364    4.913158920170854e-09
     43052    4.775297534504984e-09
     43752    4.640448977743343e-09
     44463    4.517298656723697e-09
     45185    4.390138198158213e-09
     45919    4.275119057773643e-09
     46665    4.165832787142254e-09
     47424    4.060392280857288e-09
     48194    3.956647408311279e-09
     48977    3.856314550669879e-09
     49773    3.761820820094376e-09
     50582    3.665283794302373e-09
     51404    3.573385767123226e-09
     52239    3.484575520474281e-09
     53088    3.398724797481567e-09
     53951    3.315459432454092e-09
     54827    3.235007996948412e-09
     55718    3.157111155228304e-09
     56623    3.081576213585757e-09
     57543    3.008285062759027e-09
     58479    2.937225436996463e-09
     59429    2.868648598712408e-09
     60394    2.802281741268073e-09
     61376    2.737835196718392e-09
     62373     2.67547014864256e-09
     63386     2.61472977918561e-09
     64416    2.555443081702294e-09
     65463    2.497798706516254e-09
     66527    2.441994872981284e-09
     67608    2.387893786710986e-09
     68706    2.335768760174722e-09
     69823    2.285380186834977e-09
     70957    2.236781590686501e-09
     72110    2.189811619630421e-09
     73282    2.143954722468273e-09
     74473    2.099179867820891e-09
     75683    2.055064089385609e-09
     76913     2.01195815188482e-09
     78162    1.969517242666871e-09
     79432    1.928081233341711e-09
     80723    1.887127616787329e-09
     82035    1.847217845664199e-09
     83368    1.807833387050404e-09
     84722    1.769556012283467e-09
     86099    1.732552870365372e-09
     87498     1.69583251144777e-09
     88920    1.660374222303429e-09
     90364    1.626508176763535e-09
     91833    1.593076731483821e-09
     93325    1.560662575429753e-09
     94841     1.53018561195017e-09
     96382    1.501075608854192e-09
     97948     1.47194777075948e-09
     99540    1.443414932535175e-09
    101157    1.416670606231985e-09
    102801    1.391345444446142e-09
    104472    1.366022442350426e-09
    106169    1.341275520090265e-09
    107894    1.317346820119158e-09
    109647    1.294926994811817e-09
    111429    1.273850175245976e-09
    113240    1.253217126036113e-09
    115080    1.231862104644505e-09
    116949    1.209799566941737e-09
    118850     1.18788010037995e-09
    120781     1.16800045515034e-09
    122743    1.150357579698311e-09
    124738    1.180993855770271e-09
    126765    1.248882480007435e-09
    128824    1.267946347424511e-09
    130918    1.234111466631684e-09
    133045    1.166767324399209e-09
    135207    1.086007425510558e-09
    137404    1.037447794963272e-09
    139636    1.021239656719812e-09
    141905    1.125430376759495e-09
    144211    1.390216765159179e-09
    146554    1.643975492789147e-09
    148936    1.898999167358671e-09
    151356    2.161853355602017e-09
    153815    2.374825459879581e-09
    156314    2.510294939051569e-09
    158854    2.544310622539005e-09
    161435    2.496543313870459e-09
    164058    2.383879302882669e-09
    166724    2.221558587381494e-09
    169433    2.028822059028261e-09
    172186    1.819424505052676e-09
    174984    1.605434058749497e-09
    177827     1.39609702617937e-09
    180717    1.482009845931801e-09
    183653    1.604300592888362e-09
    186637    1.585642437628555e-09
    189670    1.908437729762616e-09
    192752    3.179521696252789e-09
    195884    4.455671266595148e-09
    199067    5.660158522359278e-09
    202301    6.778305850157732e-09
    205589    7.856193176696179e-09
    208929    8.905621235697751e-09
    212324    9.926747568817426e-09
    215774    1.092097017953701e-08
    219280    1.188684431400983e-08
    222843    1.282990044375597e-08
    226464    1.377818316771725e-08
    230144     1.47609474213598e-08
    233883    1.589966431857815e-08
    237684    1.695683644657481e-08
    241546    1.789823981659365e-08
    245470    1.868932978105332e-08
    249459    1.929173378723054e-08
    253512    1.995058630007057e-08
    257632    2.044558470141415e-08
    261818    2.073993164265497e-08
    266072    2.079834810049083e-08
    270395    2.059199680399465e-08
    274789     2.01043146115301e-08
    279254      1.9327684447474e-08
    283791    1.826146210475887e-08
    288403    1.789964396256879e-08
    293089    2.519094823500856e-08
    297851    3.288958753949369e-08
    302691    4.092192207606748e-08
    307609    4.919175059082326e-08
    312607    5.768459978659278e-08
    317687    6.624506579065967e-08
    322849    7.490694890992736e-08
    328095    8.349559332033803e-08
    333426    9.200684493867961e-08
    338844    1.004418476763793e-07
    344349    1.088385952222406e-07
    349945    1.172509238051018e-07
    355631    1.258447054930008e-07
    361409      1.3462827616623e-07
    367282    1.436856187511986e-07
    373250    1.531572762127901e-07
    379314    1.630223210349444e-07
    385478    1.734167190462822e-07
    391741    1.841593742995386e-07
    398107    1.951629317122173e-07
    404575    2.063518978189981e-07
    411149    2.175042945690657e-07
    417830    2.285799869463518e-07
    424619     2.39489967562953e-07
    431519    2.503726761965785e-07
    438530    2.613317138687043e-07
    445656    2.724994648641655e-07
    452897    2.839866321391927e-07
    460256    2.957472371855974e-07
    467735    3.076267628991663e-07
    475335    3.194689843106723e-07
    483058    3.311565392577781e-07
    490907    3.428257129912033e-07
    498884    3.545664921984394e-07
    506990    3.664770997053091e-07
    515228    3.785864805768853e-07
    523600    3.906646629704805e-07
    532108    4.026131551885728e-07
    540754     4.14481920211725e-07
    549540    4.264853510807146e-07
    558470    4.386631367950397e-07
    567544    4.506969264977916e-07
    576766    4.626022117994629e-07
    586138    4.746204058829506e-07
    595662    4.866744297900406e-07
    605340    4.986872455147961e-07
    615176    5.106141230093305e-07
    625172    5.225996554673824e-07
    635330    5.345766847592781e-07
    645654    5.464630755002555e-07
    656145    5.583459922977148e-07
    666806    5.701658512116377e-07
    677641    5.819941701307716e-07
    688652    5.937607402822904e-07
    699841    6.054043749045313e-07
    711213    6.170899961173038e-07
    722769      6.2861990870238e-07
    734513    6.401563703305638e-07
    746448    6.516301214378242e-07
    758577    6.628703194487025e-07
    770903     6.74091176138052e-07
    783429    6.852528941036947e-07
    796159    6.963219852746053e-07
    809095     7.07257800521579e-07
    822242    7.181840661834723e-07
    835603    7.288716832856028e-07
    849180     7.39620114017104e-07
    862978    7.500581871934805e-07
    877000    7.604603600545819e-07
    891250    7.707510575645196e-07
    905732    7.809032155558452e-07
    920449    7.909324537783769e-07
    935405     8.00828635913905e-07
    950604    8.106512858768061e-07
    966050    8.203004251841101e-07
    981747     8.29744575139158e-07
    997700    8.392553403262375e-07
   1013911     8.48318618958187e-07
   1030386      8.5751203133942e-07
   1047128    8.664175948972445e-07
   1064143    8.751634171723034e-07
   1081433     8.83794818544515e-07
   1099005    8.923056281888036e-07
   1116863    9.006584175911626e-07
   1135010    9.088439969501982e-07
   1153453    9.169248622171298e-07
   1172195    9.248770153037151e-07
   1191242    9.326757355642608e-07
   1210598    9.402134484632189e-07
   1230268    9.476950209927063e-07
   1250259    9.548388920127453e-07
   1270574    9.618870983577292e-07
   1291219    9.687485134374415e-07
   1312199    9.754479538052797e-07
   1333521    9.819254448514191e-07
   1355189    9.882978668917167e-07
   1377209    9.945298420484285e-07
   1399587    1.000397276479309e-06
   1422328    1.006290515513918e-06
   1445439    1.011727318242457e-06
   1468926    1.017023142702825e-06
   1492794    1.022194191809863e-06
   1517050    1.027250909538249e-06
   1541700    1.032091863949444e-06
   1566751    1.036623816328005e-06
   1592208    1.040976930307459e-06
   1618080    1.045174359026467e-06
   1644371    1.049272493257585e-06
   1671090    1.053087304853877e-06
   1698243    1.056797739789788e-06
   1725837     1.06041751881365e-06
   1753880    1.063566902365449e-06
   1782378    1.066620558944636e-06
   1811340    1.069522417449037e-06
   1840772    1.072242209772254e-06
   1870682    1.074805554129808e-06
   1901078    1.077067212904885e-06
   1931968    1.079190985648182e-06
   1963360    1.081209118446241e-06
   1995262    1.082883880422591e-06
   2027682    1.084682614328801e-06
   2060629    1.085891892798583e-06
   2094112    1.087112007456649e-06
   2128139    1.088169770816211e-06
   2162718    1.088992894253998e-06
   2197859    1.089645175573231e-06
   2233572    1.090105417489452e-06
   2269864    1.090371305171068e-06
   2306747    1.090445028386709e-06
   2344228    1.090330682085472e-06
   2382319    1.090032251780202e-06
   2421029    1.089716780730064e-06
   2460367    1.093880174620531e-06
   2500345    1.098038896828147e-06
   2540972    1.102191617060317e-06
   2582260    1.106338171770379e-06
   2624218    1.110941759792508e-06
   2666858    1.115805974812291e-06
   2710191    1.120667651093569e-06
   2754228     1.12552243576996e-06
   2798981    1.130370680952039e-06
   2844461    1.135209214980326e-06
   2890679    1.140036945557587e-06
   2937649    1.144853069004437e-06
   2985382    1.149657459156609e-06
   3033891    1.154450374618156e-06
   3083187    1.159230661430563e-06
   3133285    1.163998595799385e-06
   3184197    1.168755887240953e-06
   3235936    1.173502049157484e-06
   3288516    1.178237771495886e-06
   3341950    1.182965420619464e-06
   3396252     1.18768787753782e-06
   3451437    1.192403307883449e-06
   3507518    1.197484809793986e-06
   3564511    1.203100499489244e-06
   3622429    1.208706275014536e-06
   3681289    1.214292450502316e-06
   3741105    1.219857124724419e-06
   3801893    1.225396984488852e-06
   3863669    1.230909055947877e-06
   3926449    1.236388800396219e-06
   3990249    1.241833434143538e-06
   4055085      1.2472408015283e-06
   4120975    1.252606841308294e-06
   4187935    1.257928802329172e-06
   4255984    1.263205198985092e-06
   4325138    1.268431571009027e-06
   4395416    1.273605116593608e-06
   4466835    1.278721815916698e-06
   4539416     1.28377723762511e-06
   4613175    1.288769008020092e-06
   4688133    1.293692336454977e-06
   4764309     1.29854418974494e-06
   4841723    1.303318893348325e-06
   4920395    1.308012367448338e-06
   5000345    1.312619393678183e-06
   5081594    1.317134676678395e-06
   5164163     1.32155245753773e-06
   5248074    1.325869200980336e-06
   5333348    1.330077274837184e-06
   5420008    1.334168949380252e-06
   5508076    1.338140601541478e-06
   5597576    1.341982941869511e-06
   5688529    1.345686033139791e-06
   5780960    1.349246818938816e-06
   5874893    1.352655288849828e-06
   5970352    1.355900648218858e-06
   6067363    1.358973183771224e-06
   6165950    1.361862098685414e-06
   6266138     1.36455599477575e-06
   6367955    1.367045462388865e-06
   6471426    1.369323050532325e-06
   6576578    1.371370714097025e-06
   6683439    1.373162692175944e-06
   6792036    1.374710165100937e-06
   6902398    1.375974970037567e-06
   7014552    1.376951838883491e-06
   7128530    1.377615926104135e-06
   7244359    1.377966005417304e-06
   7362070    1.377940339125644e-06
   7481695    1.377575154426265e-06
   7603262    1.376816837410855e-06
   7726805    1.375616299723032e-06
   7852356    1.373977234943639e-06
   7979946    1.371886382166884e-06
   8109610    1.369307239363034e-06
   8241381    1.366196851931307e-06
   8375292    1.362519795101302e-06
   8511380    1.358242641460657e-06
   8649679    1.353328169620727e-06
   8790225    1.361785764801376e-06
   8933054    1.521252946176781e-06
   9078205    1.701002723764344e-06
   9225714    1.898734423678304e-06
   9375620    2.099363480380455e-06
   9527961    2.257204339976706e-06
   9682778    2.417689515141706e-06
   9840111    2.673012425786384e-06
  10000000    2.983801727626897e-06
