        10      0.06611533728553837
        11      0.05591503967990945
        12      0.04788435815510138
        13      0.04145396292165359
        14      0.03622828497202946
        15      0.03192602266955845
        16      0.02834295493489633
        17      0.02532805780421635
        18      0.02276778325863889
        19       0.0205754777418091
        20      0.01868411468971617
        21      0.01704121060891928
        22      0.01560520856735994
        23      0.01434286583195287
        24      0.01322734014235782
        25      0.01223676954136845
        26      0.01135320582800968
        27      0.01056180469546555
        28     0.009850204452755463
        29     0.009208044860391468
        30     0.008626591161626012
        31     0.008098437867343935
        32     0.007617273560186568
        33     0.007177692785274546
        34     0.006775044569213974
        35     0.006405309648063315
        36     0.006065000357907071
        37     0.005751078535822077
        38     0.005460887825152542
        39     0.005192097570715701
        40     0.004942656092548392
        41     0.004710751590163121
        42     0.004494779286995252
        43     0.004293313703136462
        44     0.004105085162331172
        45       0.0039289598105502
        46     0.003763922559367392
        47     0.003609062475205406
        48     0.003463560221954303
        49     0.003326677233894475
        50     0.003197746351860921
        51      0.00307616370110092
        52     0.002961381626255098
        53     0.002852902529134976
        54     0.002750273479980783
        55     0.002653081493192176
        56     0.002560949375564973
        57     0.002473532069179297
        58     0.002390513422689099
        59     0.002311603334704033
        60      0.00223653522096715
        61     0.002165063764198409
        62      0.00209696291101667
        63     0.002032024085496924
        65     0.001910876191416481
        66     0.001854323810144197
        67     0.001800244399503842
        68     0.001748495895748083
        69      0.00169894628848881
        70     0.001651472779153302
        71     0.001605961020529072
        72     0.001562304428431215
        73     0.001520403557979513
        75     0.001441503554079447
        76     0.001404336385519179
        77     0.001368587973907893
        78      0.00133418703662082
        80     0.001269164230220283
        81     0.001238420624668643
        82     0.001208780450875985
        84      0.00115260477324138
        85     0.001125973861390058
        86     0.001100255160233806
        88     0.001051391956697867
        89     0.001028171829569877
        91    0.0009839807219024991
        92    0.0009629457775750022
        94    0.0009228497016618376
        95     0.000903734174994796
        97    0.0008672424672410594
        98    0.0008498197925950137
       100     0.000816513121754447
       102    0.0007851265264571535
       103    0.0007701074730805617
       105    0.0007413337775256511
       107    0.0007141428586608668
       108    0.0007011049157919431
       110      0.00067607764485666
       112    0.0006523667660879446
       114      0.00062988156370899
       116    0.0006085390027908062
       118    0.0005882629619863678
       119    0.0005785028202980613
       121    0.0005596973026809949
       123    0.0005417939764554586
       125    0.0005247360470576085
       127     0.000508471119262428
       130    0.0004854557373753421
       132    0.0004709694357739206
       134    0.0004571219530658551
       136    0.0004438762763303304
       138    0.0004311980347001077
       140     0.000419055276326724
       143    0.0004017806872346153
       145    0.0003908509563021854
       147    0.0003803611869197954
       150    0.0003654009142911892
       152    0.0003559124137434214
       155    0.0003423578842816235
       157    0.0003337471770958944
       160    0.0003214276506243174
       162    0.0003135897220202403
       165    0.0003023596123954653
       168    0.0002917220920394188
       171    0.0002816361919904908
       173    0.0002752000689268816
       176    0.0002659517868817078
       179    0.0002571619593585148
       182    0.0002488007791131476
       185    0.0002408408224624374
       188     0.000233256824171485
       191    0.0002260254767505812
       194    0.0002191252512299079
       197    0.0002125362367303885
       200    0.0002062399967244902
       204    0.0001982710756513857
       207    0.0001925936192429029
       210    0.0001871565672257876
       214    0.0001802581292205861
       217    0.0001753315515788294
       221    0.0001690708538688273
       224    0.0001645927971026236
       228    0.0001588935918546581
       232    0.0001534853449646514
       236    0.0001483485833396026
       239    0.0001446633681300597
       243    0.0001399595794820118
       247    0.0001354815282765034
       251    0.0001312149982446432
       255     0.000127146874844422
       260    0.0001223223633397519
       264    0.0001186577434919604
       268    0.0001151553675201747
       272     0.000111805797708993
       277    0.0001078204314590051
       281    0.0001047835799197172
       286    0.0001011646068880274
       291    9.772992914525505e-05
       295    9.510657637593634e-05
       300    9.197330562075788e-05
       305     8.89923572933438e-05
       310    8.615401577219163e-05
       315     8.34493278634948e-05
       320     8.08700321225415e-05
       325    7.840849569086395e-05
       331    7.560018988326334e-05
       336    7.337360074468465e-05
       341    7.124394780687572e-05
       347    6.880853884781111e-05
       353    6.649590516801578e-05
       358    6.465662159994201e-05
       364    6.254847505645031e-05
       370    6.054177623595999e-05
       376    5.863011898565469e-05
       382     5.68075949413456e-05
       389    5.478671531150628e-05
       395    5.313914164652685e-05
       401    5.156478495795721e-05
       408    4.981488787248215e-05
       414     4.83849116458876e-05
       421    4.679308285393475e-05
       428     4.52785354339593e-05
       435    4.383634663987196e-05
       442    4.246197953873106e-05
       449    4.115124729033265e-05
       457    3.972623853963576e-05
       464    3.853920978692473e-05
       472    3.724661130160796e-05
       479    3.616819657602241e-05
       487    3.499209877780469e-05
       495    3.387244719838424e-05
       503    3.280568666313367e-05
       511    3.178853755706473e-05
       519    3.081797056858195e-05
       528    2.977828281249196e-05
       537    2.879033381076773e-05
       545    2.795285582479791e-05
       554    2.705364196483882e-05
       563    2.619713027875381e-05
       572    2.538065915861575e-05
       582    2.451744764489364e-05
       591    2.377766180224464e-05
       601     2.29942781798321e-05
       610    2.232186712022435e-05
       620    2.160876392791535e-05
       630    2.092929425879845e-05
       641    2.021824395283375e-05
       651    1.960281572252313e-05
       662     1.89577486402509e-05
       672    1.839856010605048e-05
       683     1.78115582144424e-05
       695    1.720266761521547e-05
       706    1.667153495157455e-05
       717    1.616462594233156e-05
       729    1.563755915294688e-05
       741     1.51358566638664e-05
       753    1.465791681231062e-05
       765    1.420226206374095e-05
       778     1.37322047634371e-05
       790    1.331871500162277e-05
       803    1.289149570886985e-05
       816    1.248450706950547e-05
       829    1.209649159888779e-05
       843      1.1698517364684e-05
       857    1.131986482307997e-05
       870    1.098448232255674e-05
       885    1.061569805691342e-05
       899    1.028800267031681e-05
       914     9.95345796909846e-06
       928    9.655723598614544e-06
       944    9.331527095222638e-06
       959    9.042196660855999e-06
       974    8.766116852583206e-06
       990     8.48534005675531e-06
      1006     8.21784016318909e-06
      1023    7.947248424197824e-06
      1039     7.70459984144893e-06
      1056    7.458763826804178e-06
      1073    7.224508888634451e-06
      1091    6.988302208218627e-06
      1109     6.76349317617145e-06
      1127    6.549360118248861e-06
      1145    6.345237595160285e-06
      1164    6.139956968303136e-06
      1183    5.944479379457644e-06
      1202    5.758190440952147e-06
      1221    5.580523150012072e-06
      1241      5.4022438221752e-06
      1261    5.232373151360802e-06
      1282     5.06248967654789e-06
      1303    4.900747459928849e-06
      1324    4.746634492439447e-06
      1345    4.599678388415166e-06
      1367    4.452925515033755e-06
      1389    4.313085448654727e-06
      1412    4.173816737033412e-06
      1435    4.041186147320953e-06
      1458    3.914778413789353e-06
      1482    3.789095054389755e-06
      1506    3.669368511495232e-06
      1531    3.550588443195078e-06
      1555    3.441903656087984e-06
      1581    3.329698927447925e-06
      1606    3.226905136503496e-06
      1633    3.121144498003222e-06
      1659    3.024139558727399e-06
      1686    2.928113223199689e-06
      1713    2.836589037316531e-06
      1741    2.746134333053608e-06
      1770    2.656935308928762e-06
      1798    2.574872907155629e-06
      1828    2.491097554426896e-06
      1857     2.41394153407548e-06
      1887    2.337836884214816e-06
      1918     2.26291508238992e-06
      1949    2.191537981251249e-06
      1981    2.121343230540388e-06
      2013    2.054467744470884e-06
      2046    1.988760982484425e-06
      2079    1.926156728286507e-06
      2113    1.864697296726619e-06
      2147    1.806133160556042e-06
      2182    1.748682091198103e-06
      2218    1.692402828478935e-06
      2254    1.638797401111711e-06
      2290     1.58769906838663e-06
      2328     1.53631192282836e-06
      2365    1.488637331111896e-06
      2404    1.440748687699012e-06
      2443    1.395134241969723e-06
      2483    1.350564168273033e-06
      2523    1.308096283228268e-06
      2564    1.266612231027428e-06
      2606    1.226129542000403e-06
      2648     1.18755711023907e-06
      2691    1.149921819866684e-06
      2735    1.113233436745754e-06
      2779    1.078273265429943e-06
      2824    1.044194814416682e-06
      2870    1.011002091569318e-06
      2917     9.78696125025241e-07
      2964    9.479142451785137e-07
      3013    9.173434041227392e-07
      3061    8.888082540701342e-07
      3111    8.604769846971702e-07
      3162    8.329521487350834e-07
      3213    8.067271624534541e-07
      3265    7.812428588452726e-07
      3318    7.564912455229585e-07
      3372    7.324630473677426e-07
      3427    7.091478213399035e-07
      3483    6.865340667799089e-07
      3539    6.649849984532747e-07
      3597    6.437185651572934e-07
      3655    6.234562112608204e-07
      3715    6.034856103209028e-07
      3775    5.844593600965055e-07
      3837    5.657288532446588e-07
      3899    5.478845191537555e-07
      3962    5.306034577066957e-07
      4027    5.136168302436931e-07
      4092    4.974330591992982e-07
      4159    4.815389592792509e-07
      4226    4.663946511470307e-07
      4295    4.515329730605012e-07
      4365    4.371701733153058e-07
      4436    4.232910232960505e-07
      4508    4.098806294696936e-07
      4581    3.969242525470592e-07
      4655      3.8440747555681e-07
      4731    3.721587239410258e-07
      4808    3.603363340617433e-07
      4886    3.489256199095217e-07
      4965    3.379123354470474e-07
      5046    3.271529485418833e-07
      5128    3.167757323886004e-07
      5211    3.067668304744359e-07
      5296    2.970004862792131e-07
      5382    2.875863448666078e-07
      5470    2.784091453789027e-07
      5559    2.695673193357453e-07
      5649    2.610476864548678e-07
      5741    2.527494638649987e-07
      5834    2.447567682563024e-07
      5929    2.369773996343747e-07
      6025    2.294869276225016e-07
      6123     2.22200836024649e-07
      6223    2.151179584089527e-07
      6324    2.083026241767316e-07
      6426    2.017432130611817e-07
      6531    1.953093295285606e-07
      6637    1.891213727940336e-07
      6745    1.831143308956326e-07
      6854    1.773371763136943e-07
      6966    1.716812319738266e-07
      7079    1.662446623912843e-07
      7194    1.609727381809894e-07
      7311    1.558623595630928e-07
      7430     1.50910305143411e-07
      7550    1.461517757204262e-07
      7673    1.415040931556814e-07
      7798    1.370043589478386e-07
      7925    1.326489236285263e-07
      8053    1.284659504016466e-07
      8184      1.2438658608046e-07
      8317    1.204404786288029e-07
      8452    1.166240328252063e-07
      8590    1.129072714745635e-07
      8729    1.093402682331479e-07
      8871     1.05868078521774e-07
      9015    1.025131458224781e-07
      9162    9.925015825666935e-08
      9311    9.609921792975776e-08
      9462    9.305664396084855e-08
      9616     9.01000727048647e-08
      9772      8.7246356025557e-08
      9931    8.447508751323315e-08
     10092    8.180136880977776e-08
     10256    7.920625234863277e-08
     10423    7.668846639146959e-08
     10592    7.426083004408937e-08
     10764    7.190651494229666e-08
     10939    6.962425295708834e-08
     11117    6.741251351169617e-08
     11297    6.528133721505718e-08
     11481    6.320561739275546e-08
     11668    6.119588565876487e-08
     11857    5.926034589709361e-08
     12050    5.737716821119051e-08
     12246     5.55551614649177e-08
     12445    5.379250934323353e-08
     12647    5.208773097544674e-08
     12852    5.043921657987522e-08
     13061    4.883767329300899e-08
     13273    4.728990134513524e-08
     13489    4.578736582420255e-08
     13708    4.433596900326076e-08
     13931    4.292762979667298e-08
     14157     4.15678030865059e-08
     14387    4.024914388734509e-08
     14621     3.89708952231147e-08
     14859     3.77323188953371e-08
     15100    3.653715043423313e-08
     15346    3.537480648000056e-08
     15595    3.425386708201667e-08
     15848    3.316858433871778e-08
     16106     3.21141312789241e-08
     16368    3.109395824974178e-08
     16634     3.01069813305798e-08
     16904    2.915249618893962e-08
     17179    2.822619008263445e-08
     17458     2.73309084040428e-08
     17741    2.646533219417254e-08
     18030    2.562332689788183e-08
     18323    2.480990574709306e-08
     18620    2.402427700576568e-08
     18923    2.326067726839263e-08
     19230    2.252337872810995e-08
     19543    2.180718199307912e-08
     19860    2.111614026525301e-08
     20183    2.044525992531399e-08
     20511    1.979623807260022e-08
     20844    1.916817826781358e-08
     21183    1.855948653373344e-08
     21527    1.797509711373923e-08
     21877    1.740897780355163e-08
     22233    1.686103598713929e-08
     22594    1.633270949362811e-08
     22961    1.582029397842709e-08
     23334    1.532474513384161e-08
     23713    1.484918390665054e-08
     24099     1.43827505214991e-08
     24490    1.393628709212583e-08
     24888    1.350169804350652e-08
     25292    1.308203170582171e-08
     25703      1.2675050018965e-08
     26121    1.228054903682948e-08
     26546    1.189840972102072e-08
     26977    1.152926791489084e-08
     27415    1.117193482977784e-08
     27861    1.082538781052059e-08
     28313    1.049327377121742e-08
     28773    1.017056363409842e-08
     29241    9.858127924682589e-09
     29716    9.555697784082219e-09
     30199     9.26218030082187e-09
     30690     8.97771801586863e-09
     31188     8.70270894149403e-09
     31695    8.435875493416918e-09
     32210     8.17751436902464e-09
     32734    7.926959961995543e-09
     33265    7.685034971282129e-09
     33806     7.45024546386674e-09
     34355    7.223313461385274e-09
     34914    7.003294466647855e-09
     35481    6.790881085921683e-09
     36057     6.58557567698438e-09
     36643    6.388862483285125e-09
     37239    6.201618012540973e-09
     37844    6.023958486931315e-09
     38459    5.848754471261181e-09
     39084    5.681357518020694e-09
     39719     5.51683894178218e-09
     40364    5.358320471691947e-09
     41020    5.205492805851721e-09
     41686    5.056728285688129e-09
     42364    4.913194619867472e-09
     43052    4.775320885245623e-09
     43752    4.640448977743343e-09
     44463    4.517305137906076e-09
     45185    4.390142640164339e-09
     45919    4.275119213434407e-09
     46665    4.165839017645115e-09
     47424    4.060383278160512e-09
     48194    3.956645476411539e-09
     48977    3.856316343772647e-09
     49773    3.761832293403935e-09
     50582    3.665294228355535e-09
     51404    3.573407282712488e-09
     52239      3.4845787615608e-09
     53088    3.398736482733294e-09
     53951     3.31549425580843e-09
     54827    3.234995078932648e-09
     55718    3.157118887605606e-09
     56623    3.081578194621849e-09
     57543    3.008284797137335e-09
     58479    2.937232326077741e-09
     59429    2.868653932386762e-09
     60394    2.802281853872173e-09
     61376    2.737841637428758e-09
     62373    2.675485545094241e-09
     63386    2.614734894879611e-09
     64416    2.555461613859881e-09
     65463    2.497827909895144e-09
     66527    2.441987390796665e-09
     67608     2.38790422123098e-09
     68706    2.335775119056974e-09
     69823    2.285385090084376e-09
     70957    2.236810946080597e-09
     72110    2.189801151437012e-09
     73282     2.14395938386135e-09
     74473    2.099170207257014e-09
     75683    2.055081427091598e-09
     76913    2.011976449318444e-09
     78162    1.969505445642216e-09
     79432    1.928087978781528e-09
     80723    1.887136383126236e-09
     82035    1.847226189482891e-09
     83368    1.807854412739906e-09
     84722     1.76955401140721e-09
     86099    1.732554606570291e-09
     87498     1.69586223970542e-09
     88920    1.660378255822408e-09
     90364    1.626522085989005e-09
     91833    1.593095596783139e-09
     93325    1.560677119035556e-09
     94841     1.53019532097921e-09
     96382    1.501070921640152e-09
     97948    1.471945353041229e-09
     99540    1.443409153402406e-09
    101157    1.416674944407358e-09
    102801    1.391351495565734e-09
    104472    1.366031720712016e-09
    106169    1.341288196838802e-09
    107894    1.317353031317131e-09
    109647     1.29491659322111e-09
    111429    1.273857013269677e-09
    113240    1.253240848955681e-09
    115080    1.231859501041186e-09
    116949    1.209806132200416e-09
    118850    1.187914331476055e-09
    120781     1.16802289661159e-09
    122743    1.150368833979836e-09
    124738    1.180993644348597e-09
    126765    1.248909204043605e-09
    128824    1.267944057515594e-09
    130918    1.234111612098117e-09
    133045    1.166789508493404e-09
    135207     1.08603853153974e-09
    137404    1.037447293755823e-09
    139636    1.021232151776555e-09
    141905    1.125435688120111e-09
    144211    1.390212927301074e-09
    146554     1.64395858256356e-09
    148936    1.899013303727738e-09
    151356     2.16186561632563e-09
    153815     2.37482413743407e-09
    156314    2.510309495759167e-09
    158854    2.544315631047201e-09
    161435     2.49656954266356e-09
    164058    2.383877562460565e-09
    166724    2.221592099973032e-09
    169433    2.028835991957367e-09
    172186    1.819418500630572e-09
    174984    1.605399495733171e-09
    177827    1.396115478036085e-09
    180717    1.482011032920953e-09
    183653    1.604320445853467e-09
    186637    1.585658027228272e-09
    189670    1.908409900904936e-09
    192752    3.179545405299587e-09
    195884    4.455699985279024e-09
    199067    5.660179348934428e-09
    202301    6.778285888898515e-09
    205589    7.856192995067009e-09
    208929    8.905595509814222e-09
    212324     9.92670449121199e-09
    215774    1.092099203256909e-08
    219280    1.188681587303668e-08
    222843    1.282985448046526e-08
    226464    1.377821639888971e-08
    230144    1.476097024078255e-08
    233883    1.589966543384933e-08
    237684    1.695683508086605e-08
    241546    1.789822292326433e-08
    245470    1.868936227074854e-08
    249459    1.929174561071582e-08
    253512    1.995059550918895e-08
    257632    2.044561021509143e-08
    261818    2.073989832268262e-08
    266072    2.079831827191821e-08
    270395    2.059202216087651e-08
    274789     2.01043262667722e-08
    279254    1.932767702691044e-08
    283791    1.826148070614704e-08
    288403    1.789960456732151e-08
    293089    2.519092328990835e-08
    297851    3.288954008518543e-08
    302691    4.092193682586419e-08
    307609    4.919170862037805e-08
    312607    5.768456971799355e-08
    317687     6.62450676752463e-08
    322849    7.490696860921557e-08
    328095    8.349556954732072e-08
    333426    9.200678870829057e-08
    338844    1.004418030235768e-07
    344349    1.088385457584908e-07
    349945     1.17250920394617e-07
    355631    1.258446669160363e-07
    361409     1.34628259167738e-07
    367282    1.436856475424015e-07
    373250    1.531572428416775e-07
    379314    1.630222822034395e-07
    385478    1.734167075037104e-07
    391741    1.841593782833488e-07
    398107    1.951629278136144e-07
    404575    2.063519007333118e-07
    411149    2.175043234727413e-07
    417830    2.285799994688683e-07
    424619    2.394899774587413e-07
    431519    2.503726383472192e-07
    438530    2.613317748169771e-07
    445656    2.724993949599945e-07
    452897    2.839866148228032e-07
    460256    2.957472734600275e-07
    467735    3.076267944118346e-07
    475335    3.194689843106723e-07
    483058    3.311565090942138e-07
    490907     3.42825719855583e-07
    498884    3.545665319400575e-07
    506990    3.664771173210681e-07
    515228    3.785864460827997e-07
    523600    3.906647367232754e-07
    532108    4.026131585706157e-07
    540754    4.144819914721151e-07
    549540    4.264853849506747e-07
    558470    4.386631229516086e-07
    567544    4.506969593239608e-07
    576766    4.626021561862299e-07
    586138    4.746204399087578e-07
    595662    4.866744497286085e-07
    605340    4.986873039042578e-07
    615176    5.106140893831878e-07
    625172    5.225996465035191e-07
    635330    5.345766583769344e-07
    645654    5.464630656512979e-07
    656145    5.583459938862237e-07
    666806    5.701658660615665e-07
    677641    5.819941872153604e-07
    688652    5.937607111021286e-07
    699841    6.054043978371677e-07
    711213    6.170899602553036e-07
    722769    6.286199310592103e-07
    734513    6.401563553913216e-07
    746448    6.516301307684206e-07
    758577    6.628703415342595e-07
    770903    6.740911919650094e-07
    783429    6.852529421274287e-07
    796159    6.963218892970077e-07
    809095    7.072578240844576e-07
    822242    7.181840423175619e-07
    835603    7.288716850795224e-07
    849180    7.396202106292677e-07
    862978    7.500582149193167e-07
    877000    7.604603953142526e-07
    891250    7.707510313632052e-07
    905732    7.809031735221601e-07
    920449    7.909324735817783e-07
    935405    8.008286617927422e-07
    950604    8.106513597902456e-07
    966050    8.203004337803118e-07
    981747    8.297446200665317e-07
    997700    8.392553551226253e-07
   1013911    8.483186273358354e-07
   1030386     8.57511935504862e-07
   1047128    8.664176224065184e-07
   1064143    8.751633856087644e-07
   1081433    8.837948277091942e-07
   1099005    8.923056039734588e-07
   1116863    9.006584192475258e-07
   1135010    9.088439532268489e-07
   1153453     9.16924873548177e-07
   1172195    9.248770057423871e-07
   1191242    9.326757335452084e-07
   1210598    9.402134791128654e-07
   1230268    9.476950206017317e-07
   1250259    9.548389512472992e-07
   1270574     9.61887007929692e-07
   1291219    9.687486475812216e-07
   1312199    9.754480479109864e-07
   1333521    9.819254465350259e-07
   1355189    9.882978318635609e-07
   1377209    9.945298739984784e-07
   1399587    1.000397230219938e-06
   1422328    1.006290448465685e-06
   1445439    1.011727320386114e-06
   1468926    1.017023161529536e-06
   1492794    1.022194229363314e-06
   1517050    1.027251109454371e-06
   1541700    1.032091892203026e-06
   1566751    1.036623876740796e-06
   1592208    1.040976929946534e-06
   1618080    1.045174435506986e-06
   1644371    1.049272617630423e-06
   1671090     1.05308726675207e-06
   1698243     1.05679781246875e-06
   1725837    1.060417534353478e-06
   1753880    1.063566851829982e-06
   1782378     1.06662064453896e-06
   1811340    1.069522426897219e-06
   1840772      1.0722421764278e-06
   1870682    1.074805644096823e-06
   1901078    1.077067195867519e-06
   1931968    1.079190944475164e-06
   1963360    1.081209130509243e-06
   1995262    1.082883944148109e-06
   2027682    1.084682664161602e-06
   2060629    1.085891851292545e-06
   2094112    1.087111825986535e-06
   2128139     1.08816971907815e-06
   2162718    1.088992874959285e-06
   2197859    1.089645124730384e-06
   2233572    1.090105453290385e-06
   2269864    1.090371312284983e-06
   2306747    1.090445051667586e-06
   2344228    1.090330698929476e-06
   2382319    1.090032344349408e-06
   2421029    1.089716753607284e-06
   2460367    1.093880174282435e-06
   2500345    1.098038908535245e-06
   2540972    1.102191611268802e-06
   2582260    1.106338204103644e-06
   2624218    1.110941749306031e-06
   2666858    1.115805974096487e-06
   2710191     1.12066766820587e-06
   2754228    1.125522446831285e-06
   2798981    1.130370733356126e-06
   2844461    1.135209217186432e-06
   2890679    1.140036917598353e-06
   2937649    1.144853082620278e-06
   2985382     1.14965741931744e-06
   3033891    1.154450399048359e-06
   3083187     1.15923067650903e-06
   3133285    1.163998586561586e-06
   3184197     1.16875589946902e-06
   3235936    1.173502030556149e-06
   3288516    1.178237765173106e-06
   3341950    1.182965441173822e-06
   3396252    1.187687890637817e-06
   3451437    1.192403287320405e-06
   3507518    1.197484798258906e-06
   3564511    1.203100510261881e-06
   3622429    1.208706324658825e-06
   3681289     1.21429244815435e-06
   3741105    1.219857123060302e-06
   3801893    1.225397004100625e-06
   3863669    1.230909106610378e-06
   3926449    1.236388842796157e-06
   3990249    1.241833446869982e-06
   4055085    1.247240800896817e-06
   4120975    1.252606887710385e-06
   4187935    1.257928761040326e-06
   4255984     1.26320519125434e-06
   4325138    1.268431546465939e-06
   4395416    1.273605149638911e-06
   4466835    1.278721792796688e-06
   4539416    1.283777264205347e-06
   4613175    1.288769056833847e-06
   4688133    1.293692343940347e-06
   4764309    1.298544185739178e-06
   4841723    1.303318931450371e-06
   4920395    1.308012368622287e-06
   5000345    1.312619376287142e-06
   5081594     1.31713466463287e-06
   5164163    1.321552489568518e-06
   5248074    1.325869200362222e-06
   5333348    1.330077286736862e-06
   5420008     1.33416893684771e-06
   5508076    1.338140586109489e-06
   5597576    1.341982936819922e-06
   5688529    1.345686078702226e-06
   5780960    1.349246871804387e-06
   5874893    1.352655264941815e-06
   5970352    1.355900592192627e-06
   6067363    1.358973182900305e-06
   6165950     1.36186210274646e-06
   6266138    1.364555972045716e-06
   6367955    1.367045491600447e-06
   6471426     1.36932305126815e-06
   6576578    1.371370732935106e-06
   6683439    1.373162682720777e-06
   6792036    1.374710200190892e-06
   6902398    1.375974978398501e-06
   7014552    1.376951834940104e-06
   7128530    1.377615909107755e-06
   7244359    1.377966002983886e-06
   7362070    1.377940338097395e-06
   7481695    1.377575157972478e-06
   7603262    1.376816890729919e-06
   7726805    1.375616292425905e-06
   7852356    1.373977253230202e-06
   7979946    1.371886409330032e-06
   8109610    1.369307203071857e-06
   8241381     1.36619685818163e-06
   8375292    1.362519758203494e-06
   8511380    1.358242646608363e-06
   8649679    1.353328148015592e-06
   8790225    1.361785650578958e-06
   8933054    1.521252477703633e-06
   9078205    1.701002510923712e-06
   9225714    1.898734118122936e-06
   9375620    2.099363124246175e-06
   9527961    2.257203998526926e-06
   9682778    2.417689259665271e-06
   9840111    2.673012372219684e-06
  10000000    2.983801273770587e-06
