        N range   lambda range
         1 30 1         1 4 0.01
0.192766 0.179521 0.103421 0.107613 0.0102173 0.0668915 0.0190643 0.0497394 0.0278594 0.0416731 0.0304509 0.0373677 0.0310594 0.0348273 0.0310157 0.0332097 0.0307702 0.0321176 0.0304819 0.0313459 0.0302062 0.0307803 0.0299604 0.0303532 0.0297472 0.0300228 0.0295644 0.0297617 0.029408 0.0295519 
0.192766 0.179916 0.107362 0.108148 0.012692 0.0668073 0.0174878 0.0492819 0.0266587 0.0410224 0.0294032 0.0366113 0.0300753 0.0340085 0.030058 0.0323515 0.0298227 0.0312332 0.0295375 0.030443 0.0292616 0.029864 0.0290142 0.029427 0.0287989 0.0290888 0.0286138 0.0288218 0.0284553 0.0286071 
0.192766 0.180305 0.111244 0.108711 0.0151552 0.0667606 0.0159263 0.0488606 0.0254796 0.0404061 0.0283811 0.0358881 0.029119 0.0332223 0.0291292 0.0315254 0.028905 0.0303804 0.0286232 0.0295716 0.0283474 0.028979 0.0280986 0.0285319 0.0278812 0.0281859 0.0276939 0.0279128 0.0275332 0.0276933 
0.192766 0.180688 0.115065 0.1093 0.0176067 0.0667504 0.0143791 0.0484748 0.0243213 0.0398237 0.0273839 0.0351976 0.0281897 0.0324678 0.0282288 0.0307305 0.0280162 0.0295585 0.0277382 0.0287308 0.0274628 0.0281246 0.0272126 0.0276672 0.0269934 0.0273134 0.0268039 0.0270341 0.0266411 0.0268096 
0.192766 0.181064 0.118823 0.109914 0.0200465 0.0667757 0.0128457 0.0481238 0.023183 0.0392742 0.0264107 0.0345388 0.0272867 0.0317443 0.0273559 0.0299661 0.0271556 0.0287668 0.0268819 0.02792 0.026607 0.0272999 0.0263557 0.0268321 0.0261345 0.0264704 0.025943 0.0261848 0.0257781 0.0259554 
0.192766 0.181435 0.122516 0.110552 0.0224745 0.0668356 0.0113254 0.0478068 0.022064 0.0387571 0.0254608 0.0339111 0.0264092 0.0310511 0.0265097 0.0292315 0.0263224 0.0280045 0.0260534 0.0271384 0.0257793 0.0265043 0.025527 0.026026 0.0253041 0.0256562 0.0251105 0.0253643 0.0249435 0.0251298 
0.192766 0.181798 0.126144 0.111213 0.0248908 0.0669293 0.00981753 0.0475228 0.0209634 0.0382714 0.0245332 0.0333137 0.0255564 0.0303875 0.0256894 0.028526 0.0255159 0.027271 0.025252 0.0263853 0.0249789 0.025737 0.0247257 0.0252481 0.0245012 0.0248701 0.0243056 0.0245719 0.0241366 0.0243323 
0.192766 0.182155 0.129705 0.111895 0.027295 0.0670557 0.0083216 0.0472713 0.0198805 0.0378166 0.0236274 0.032746 0.0247275 0.0297528 0.0248944 0.0278488 0.0247354 0.0265655 0.024477 0.02566 0.0242051 0.0249973 0.0239513 0.0244976 0.0237251 0.0241115 0.0235276 0.0238067 0.0233566 0.023562 
0.192766 0.182504 0.133197 0.112597 0.0296872 0.067214 0.006837 0.0470514 0.0188146 0.0373919 0.0227424 0.0322072 0.0239218 0.0291461 0.0241238 0.0271992 0.02398 0.0258872 0.0237275 0.0249617 0.0234572 0.0242845 0.0232028 0.0237739 0.0229752 0.0233794 0.0227759 0.0230682 0.0226029 0.0228182 
0.192766 0.182846 0.136619 0.113319 0.0320671 0.0674033 0.00536317 0.0468623 0.0177649 0.0369965 0.0218776 0.0316966 0.0231385 0.0285669 0.0233769 0.0265766 0.023249 0.0252355 0.0230029 0.0242897 0.0227344 0.0235978 0.0224797 0.0230763 0.0222507 0.0226733 0.0220495 0.0223555 0.0218747 0.0221002 
0.192766 0.183181 0.139969 0.114058 0.0344347 0.0676226 0.00389957 0.0467034 0.0167308 0.0366297 0.0210322 0.0312134 0.0223769 0.0280144 0.0226529 0.0259802 0.0225418 0.0246097 0.0223025 0.0236434 0.0220361 0.0229366 0.0217811 0.022404 0.0215508 0.0219925 0.021348 0.021668 0.0211713 0.0214074 
0.192766 0.183509 0.143247 0.114814 0.0367898 0.0678711 0.00244568 0.0465738 0.0157114 0.0362909 0.0202054 0.0307571 0.0216362 0.027488 0.0219513 0.0254093 0.0218576 0.0240091 0.0216256 0.023022 0.0213615 0.0223002 0.0211065 0.0217563 0.020875 0.0213363 0.0206705 0.021005 0.020492 0.020739 
0.192766 0.183828 0.146451 0.115586 0.0391321 0.0681479 0.00100099 0.0464728 0.0147061 0.0359794 0.0193965 0.0303269 0.0209157 0.0269869 0.0212711 0.0248632 0.0211957 0.023433 0.0209714 0.0224249 0.02071 0.0216879 0.0204551 0.0211327 0.0202225 0.0207039 0.0200164 0.0203658 0.0198361 0.0200944 
0.192766 0.184141 0.149581 0.116372 0.0414615 0.068452 0.000434985 0.0463997 0.0137143 0.0356945 0.0186049 0.0299222 0.0202148 0.0265106 0.0206118 0.0243414 0.0205554 0.0228808 0.0203393 0.0218515 0.0200808 0.021099 0.0198262 0.0205323 0.0195927 0.0200947 0.019385 0.0197497 0.019203 0.0194728 
0.192766 0.184445 0.152635 0.117172 0.0437777 0.0687828 0.00186271 0.0463539 0.0127353 0.0354355 0.0178298 0.0295424 0.0195326 0.0260583 0.0199727 0.0238431 0.019936 0.0223517 0.0197286 0.0213009 0.0194733 0.020533 0.0192191 0.0199546 0.0189848 0.0195081 0.0187757 0.0191562 0.018592 0.0188737 
0.192766 0.184742 0.155612 0.117985 0.0460807 0.0691392 0.00328262 0.0463344 0.0117683 0.0352017 0.0170705 0.0291866 0.0188686 0.0256294 0.019353 0.0233677 0.019337 0.0218453 0.0191387 0.0207727 0.0188868 0.019989 0.0186333 0.019399 0.0183982 0.0189435 0.0181878 0.0185845 0.0180024 0.0182964 
0.192766 0.185031 0.158511 0.118809 0.04837 0.0695206 0.00469516 0.0463408 0.0108129 0.0349926 0.0163264 0.0288545 0.018222 0.0252233 0.0187521 0.0229146 0.0187575 0.0213607 0.0185688 0.0202662 0.0183207 0.0194666 0.0180681 0.0188647 0.0178324 0.0184001 0.0176206 0.018034 0.0174336 0.0177402 
0.192766 0.185313 0.161332 0.119644 0.0506455 0.069926 0.00610074 0.0463723 0.00986835 0.0348074 0.0155967 0.0285452 0.0175922 0.0248393 0.0181694 0.0224832 0.018197 0.0208975 0.0180184 0.0197808 0.0177744 0.0189651 0.0175228 0.0183512 0.0172866 0.0178774 0.0170736 0.0175041 0.016885 0.0172046 
0.192766 0.185587 0.164074 0.120489 0.0529069 0.0703546 0.00749974 0.0464282 0.00893409 0.0346456 0.014881 0.0282583 0.0169786 0.024477 0.0176042 0.0220728 0.0176548 0.020455 0.0174868 0.0193159 0.0172472 0.0184839 0.0169968 0.0178578 0.0167602 0.0173748 0.0165461 0.0169942 0.016356 0.0166889 
0.192766 0.185853 0.166736 0.121343 0.0551539 0.0708058 0.00889253 0.0465079 0.00800953 0.0345065 0.0141784 0.0279931 0.0163805 0.0241356 0.0170559 0.0216829 0.0171304 0.0200326 0.0169735 0.0188708 0.0167385 0.0180224 0.0164895 0.0173841 0.0162527 0.0168917 0.0160375 0.0165037 0.015846 0.0161926 
0.192766 0.186112 0.169317 0.122204 0.0573863 0.0712785 0.0102795 0.0466107 0.00709411 0.0343896 0.0134885 0.027749 0.0157973 0.0238146 0.0165239 0.0213129 0.016623 0.0196297 0.0164777 0.018445 0.0162477 0.01758 0.0160004 0.0169293 0.0157634 0.0164274 0.0155472 0.0160321 0.0153544 0.015715 
0.192766 0.186363 0.171817 0.123072 0.0596038 0.0717722 0.0116609 0.046736 0.00618728 0.0342943 0.0128106 0.0275255 0.0152284 0.0235135 0.0160076 0.0209622 0.0161322 0.0192459 0.015999 0.018038 0.0157744 0.0171562 0.0155288 0.016493 0.0152919 0.0159815 0.0150748 0.0155787 0.0148806 0.0152556 
0.192766 0.186607 0.174236 0.123947 0.0618061 0.0722861 0.0130371 0.0468832 0.00528851 0.03422 0.0121441 0.027322 0.0146732 0.0232316 0.0155064 0.0206303 0.0156573 0.0188805 0.0155368 0.0176491 0.0153177 0.0167504 0.0150742 0.0160745 0.0148374 0.0155534 0.0146195 0.0151429 0.014424 0.0148139 
0.192766 0.186844 0.176572 0.124827 0.0639928 0.0728194 0.0144085 0.0470516 0.00439729 0.0341661 0.0114885 0.027138 0.0141312 0.0229685 0.0150197 0.0203167 0.0151978 0.0185329 0.0150905 0.0172779 0.0148774 0.0163621 0.0146361 0.0156734 0.0143995 0.0151425 0.0141808 0.0147244 0.0139842 0.0143893 
0.192766 0.187073 0.178826 0.125712 0.0661637 0.0733713 0.0157752 0.0472407 0.00351312 0.0341321 0.0108432 0.0269729 0.0136017 0.0227236 0.014547 0.0200207 0.0147532 0.0182027 0.0146595 0.0169238 0.0144527 0.0159907 0.0142138 0.0152891 0.0139777 0.0147483 0.0137583 0.0143225 0.0135605 0.0139812 
0.192766 0.187296 0.180997 0.1266 0.0683184 0.0739413 0.0171375 0.0474499 0.00263552 0.0341174 0.0102077 0.0268262 0.0130842 0.0224964 0.0140877 0.019742 0.0143228 0.0178894 0.0142433 0.0165863 0.0140431 0.0156357 0.0138069 0.0149211 0.0135713 0.0143703 0.0133514 0.0139367 0.0131525 0.0135892 
0.192766 0.187511 0.183084 0.127492 0.0704566 0.0745285 0.0184957 0.0476785 0.00176401 0.0341216 0.00958141 0.0266975 0.0125782 0.0222865 0.0136413 0.0194799 0.0139062 0.0175924 0.0138415 0.0162649 0.0136482 0.0152966 0.0134149 0.0145688 0.01318 0.014008 0.0129596 0.0135665 0.0127596 0.0132128 
0.192766 0.187719 0.185088 0.128386 0.072578 0.0751323 0.01985 0.0479262 0.000898157 0.0341441 0.00896386 0.0265861 0.0120832 0.0220932 0.0132073 0.0192341 0.0135029 0.0173113 0.0134534 0.0159592 0.0132675 0.014973 0.0130372 0.0142319 0.0128031 0.0136609 0.0125824 0.0132115 0.0123814 0.0128514 
0.192766 0.187921 0.187009 0.129282 0.0746822 0.0757521 0.0212006 0.0481922 3.75211e-05 0.0341844 0.00835455 0.0264917 0.0115986 0.0219162 0.0127852 0.019004 0.0131123 0.0170456 0.0130786 0.0156686 0.0129004 0.0146644 0.0126734 0.0139098 0.0124403 0.0133285 0.0122193 0.0128711 0.0120174 0.0125046 
0.192766 0.188116 0.188846 0.13018 0.076769 0.0763871 0.0225477 0.048476 0.000818315 0.034242 0.00775299 0.0264138 0.011124 0.0217549 0.0123745 0.0187892 0.0127339 0.0167948 0.0127167 0.0153926 0.0125464 0.0143702 0.012323 0.0136021 0.012091 0.0130104 0.0118698 0.0125449 0.0116671 0.012172 
0.192766 0.188305 0.190599 0.131077 0.0788379 0.0770367 0.0238915 0.0487772 0.00166975 0.0343165 0.00715872 0.0263519 0.0106589 0.021609 0.0119746 0.0185892 0.0123674 0.0165585 0.0123671 0.0151309 0.0122052 0.0140901 0.0119855 0.0133083 0.0117548 0.0127062 0.0115335 0.0122324 0.01133 0.011853 
0.192766 0.188487 0.192269 0.131975 0.0808886 0.0777004 0.0252322 0.0490952 0.00251718 0.0344074 0.00657128 0.0263056 0.0102028 0.021478 0.0115852 0.0184037 0.0120122 0.0163363 0.0120294 0.014883 0.0118762 0.0138237 0.0116605 0.013028 0.0114312 0.0124153 0.01121 0.0119333 0.0110058 0.0115473 
0.192766 0.188663 0.193854 0.132872 0.0829207 0.0783774 0.0265698 0.0494295 0.00336096 0.0345142 0.00599024 0.0262744 0.00975528 0.0213614 0.0112058 0.0182321 0.0116679 0.0161277 0.0117031 0.0146485 0.011559 0.0135704 0.0113475 0.0127608 0.0111198 0.0121373 0.0108987 0.011647 0.0106939 0.0112544 
0.192766 0.188832 0.195356 0.133767 0.0849339 0.0790673 0.0279045 0.0497796 0.00420146 0.0346366 0.00541516 0.0262579 0.00931585 0.0212589 0.0108359 0.018074 0.011334 0.0159322 0.0113879 0.0144269 0.0112532 0.0133299 0.0110462 0.0125061 0.0108202 0.0118719 0.0105994 0.0113732 0.0103939 0.0109738 
0.192766 0.188996 0.196775 0.134661 0.0869279 0.0797693 0.0292365 0.050145 0.00503902 0.034774 0.00484563 0.0262558 0.00888411 0.02117 0.0104751 0.0179291 0.0110101 0.0157496 0.0110833 0.0142179 0.0109584 0.0131017 0.0107561 0.0122638 0.010532 0.0116186 0.0103115 0.0111114 0.0101055 0.0107053 
0.192766 0.189154 0.19811 0.135553 0.0889023 0.080483 0.0305658 0.0505253 0.00587396 0.0349261 0.00428125 0.0262675 0.00845964 0.0210944 0.010123 0.017797 0.0106959 0.0155794 0.0107888 0.014021 0.0106741 0.0128856 0.0104768 0.0120332 0.0102547 0.0113771 0.0100347 0.0108613 0.00982829 0.0104484 
0.192766 0.189307 0.199362 0.136442 0.0908567 0.0812078 0.0318925 0.0509201 0.0067066 0.0350924 0.00372164 0.0262928 0.00804203 0.0210316 0.00977923 0.0176773 0.0103908 0.0154213 0.0105042 0.013836 0.0104001 0.0126811 0.0102079 0.0118142 0.00998801 0.011147 0.00976853 0.0106225 0.0095618 0.0102027 
0.192766 0.189453 0.200531 0.137328 0.0927908 0.081943 0.0332167 0.0513287 0.00753723 0.0352726 0.00316641 0.0263312 0.00763089 0.0209814 0.00944333 0.0175696 0.0100946 0.0152748 0.0102289 0.0136623 0.0101357 0.0124878 0.00994898 0.0116062 0.00973152 0.0109278 0.00951271 0.0103946 0.0093057 0.00996788 
0.192766 0.189595 0.201618 0.13821 0.0947042 0.0826883 0.0345384 0.0517509 0.00836614 0.0354663 0.00261522 0.0263824 0.00722585 0.0209433 0.00911494 0.0174736 0.00980678 0.0151397 0.00996269 0.0134998 0.00988085 0.0123053 0.00969978 0.011409 0.00948487 0.0107193 0.00926684 0.0101773 0.00905962 0.00974355 
0.192766 0.189731 0.202623 0.139088 0.0965965 0.083443 0.0358576 0.0521862 0.0091936 0.035673 0.00206771 0.026446 0.00682652 0.020917 0.0087937 0.0173888 0.00952706 0.0150155 0.00970514 0.0133479 0.00963501 0.0121335 0.00945989 0.0112222 0.00924769 0.0105211 0.00903056 0.0099702 0.00882322 0.00952937 
0.192766 0.189862 0.203546 0.139961 0.0984675 0.0842067 0.0371746 0.0526342 0.0100199 0.0358925 0.00152354 0.0265218 0.00643256 0.0209022 0.00847923 0.0173151 0.00925504 0.0149019 0.00945589 0.0132065 0.00939788 0.0119718 0.00922896 0.0110455 0.00901965 0.0103329 0.00880353 0.00977298 0.00859614 0.00932501 
0.192766 0.189988 0.204388 0.14083 0.100317 0.0849789 0.0384891 0.0530944 0.0108452 0.0361244 0.00098239 0.0266092 0.00604361 0.0208985 0.0081712 0.0172521 0.00899038 0.0147987 0.00921462 0.0130751 0.00916911 0.01182 0.00900666 0.0108785 0.00880041 0.0101543 0.00858542 0.00958531 0.00837807 0.00913014 
0.192766 0.19011 0.205149 0.141693 0.102144 0.0857591 0.0398013 0.0535665 0.0116698 0.0363683 0.000443943 0.0267081 0.00565934 0.0209056 0.00786926 0.0171993 0.00873275 0.0147055 0.00898098 0.0129534 0.00894837 0.0116778 0.00879265 0.0107209 0.00858965 0.00998498 0.00837591 0.00940689 0.00816867 0.00894445 
0.192766 0.190226 0.20583 0.142551 0.103949 0.0865467 0.0411111 0.0540501 0.0124939 0.0366238 9.2102e-05 0.0268181 0.00527943 0.0209233 0.00757308 0.0171567 0.00848182 0.014622 0.00875466 0.0128412 0.00873535 0.0115448 0.00858663 0.0105724 0.00838704 0.00982471 0.00817468 0.0092374 0.00796764 0.00876763 
0.192766 0.190338 0.206431 0.143403 0.105731 0.0873415 0.0424185 0.0545448 0.0133177 0.0368908 0.000626035 0.0269389 0.00490355 0.0209511 0.00728234 0.0171237 0.00823728 0.0145478 0.00853533 0.0127382 0.00852974 0.0114208 0.00838828 0.0104328 0.00819229 0.00967316 0.00798142 0.00907654 0.00777466 0.00859939 
0.192766 0.190446 0.206953 0.144249 0.107489 0.0881428 0.0437236 0.0550502 0.0141415 0.0371688 0.00115814 0.0270702 0.00453141 0.0209889 0.00699674 0.0171003 0.00799881 0.0144828 0.00832271 0.012644 0.00833123 0.0113055 0.00819731 0.0103017 0.00800511 0.00953005 0.00779585 0.00892405 0.00758947 0.00843944 
0.192766 0.19055 0.207397 0.145088 0.109225 0.0889503 0.0450262 0.0555661 0.0149653 0.0374575 0.00168868 0.0272117 0.0041627 0.0210363 0.00671597 0.017086 0.00776613 0.0144267 0.00811648 0.0125584 0.00813954 0.0111986 0.00801343 0.0101789 0.00782519 0.0093951 0.00761768 0.00877962 0.00741175 0.00828749 
0.192766 0.190649 0.207763 0.145921 0.110937 0.0897636 0.0463263 0.0560919 0.0157894 0.0377566 0.00221791 0.0273631 0.00379715 0.0210931 0.00643975 0.0170806 0.00753893 0.0143791 0.00791637 0.0124812 0.00795437 0.0110998 0.00783635 0.0100641 0.00765227 0.00926803 0.00744664 0.00864301 0.00724125 0.00814329 
0.192766 0.190744 0.208052 0.146746 0.112624 0.0905822 0.047624 0.0566274 0.0166139 0.0380659 0.00274609 0.0275242 0.00343448 0.021159 0.00616779 0.0170839 0.00731694 0.0143398 0.00772211 0.012412 0.00777547 0.0110089 0.00766582 0.00995703 0.00748608 0.0091486 0.00728245 0.00851394 0.0070777 0.00800658 
0.192766 0.190836 0.208265 0.147564 0.114287 0.0914057 0.048919 0.0571723 0.0174391 0.038385 0.00327346 0.0276947 0.00307442 0.0212337 0.00589983 0.0170956 0.00709989 0.0143086 0.00753341 0.0123506 0.00760256 0.0109256 0.00750156 0.00985743 0.00732636 0.00903654 0.00712486 0.00839217 0.00692084 0.00787709 
0.192766 0.190924 0.208403 0.148375 0.115926 0.0922338 0.0502113 0.0577262 0.0182649 0.0387138 0.00380024 0.0278744 0.00271672 0.0213171 0.00563559 0.0171154 0.00688752 0.0142852 0.00735003 0.0122967 0.00743538 0.0108497 0.00734332 0.00976508 0.00717285 0.00893162 0.00697362 0.00827746 0.00677041 0.00775459 
0.192766 0.191008 0.208465 0.149178 0.117539 0.093066 0.0515009 0.0582888 0.0190916 0.0390518 0.00432665 0.0280629 0.00236112 0.0214088 0.00537482 0.0171432 0.00667957 0.0142694 0.00717171 0.0122503 0.0072737 0.0107809 0.00719086 0.00967973 0.00702531 0.00883361 0.00682848 0.00816956 0.00662619 0.00763885 
0.192766 0.191088 0.208454 0.149973 0.119127 0.093902 0.0527877 0.0588598 0.0199192 0.0393988 0.0048529 0.0282601 0.00200739 0.0215087 0.00511728 0.0171787 0.0064758 0.0142609 0.0069982 0.0122109 0.00711726 0.0107191 0.00704393 0.00960117 0.00688351 0.00874227 0.00668921 0.00806825 0.00648793 0.00752963 
0.192766 0.191166 0.20837 0.15076 0.12069 0.0947415 0.0540716 0.0594389 0.020748 0.0397547 0.00537919 0.0284657 0.00165529 0.0216165 0.00486273 0.0172216 0.00627597 0.0142596 0.00682928 0.0121784 0.00696583 0.010664 0.00690231 0.00952918 0.00674721 0.00865738 0.00655559 0.00797332 0.00635541 0.00742672 
0.192766 0.19124 0.208214 0.151538 0.122227 0.095584 0.0553524 0.0600257 0.0215779 0.0401191 0.00590572 0.0286796 0.00130461 0.0217319 0.00461093 0.0172719 0.00607984 0.0142653 0.00666471 0.0121526 0.00681919 0.0106154 0.00676577 0.00946353 0.0066162 0.00857874 0.00642739 0.00788455 0.00622841 0.00732991 
0.192766 0.191311 0.207987 0.152309 0.123737 0.0964293 0.0566301 0.0606201 0.0224091 0.0404917 0.00643267 0.0289014 0.000955119 0.0218549 0.00436167 0.0173291 0.00588719 0.0142776 0.00650427 0.0121333 0.00667712 0.010573 0.0066341 0.00940404 0.00649025 0.00850614 0.00630441 0.00780173 0.00610673 0.00723898 
0.192766 0.191379 0.207689 0.15307 0.125221 0.097277 0.0579045 0.0612217 0.0232417 0.0408725 0.00696021 0.0291309 0.000606622 0.0219851 0.00411473 0.0173933 0.00569782 0.0142965 0.00634775 0.0121202 0.00653941 0.0105368 0.00650709 0.00935049 0.00636917 0.00843938 0.00618643 0.00772467 0.00599014 0.00715374 
0.192766 0.191444 0.207322 0.153823 0.126679 0.0981268 0.0591756 0.0618303 0.0240757 0.0412611 0.0074885 0.0293681 0.000258916 0.0221225 0.00386989 0.0174641 0.0055115 0.0143217 0.00619494 0.0121133 0.00640586 0.0105065 0.00638454 0.0093027 0.00625276 0.00837827 0.00607326 0.00765318 0.00587847 0.00707401 
0.192766 0.191506 0.206887 0.154568 0.128109 0.0989783 0.0604432 0.0624455 0.0249113 0.0416572 0.00801772 0.0296125 8.81915e-05 0.0222667 0.00362696 0.0175413 0.00532804 0.0143531 0.00604563 0.0121122 0.00627626 0.0104818 0.00626624 0.00926049 0.00614081 0.00832263 0.0059647 0.00758706 0.00577152 0.00699959 
0.192766 0.191566 0.206384 0.155303 0.129512 0.0998313 0.0617071 0.0630672 0.0257484 0.0420608 0.00854801 0.0298642 0.000434886 0.0224177 0.00338574 0.0176249 0.00514723 0.0143905 0.00589965 0.0121169 0.00615042 0.0104628 0.00615201 0.00922367 0.00603315 0.00827227 0.00586057 0.00752616 0.00566909 0.0069303 
0.192766 0.191623 0.205815 0.156029 0.130888 0.100686 0.0629673 0.063695 0.0265871 0.0424716 0.00907951 0.0301228 0.000781345 0.0225751 0.00314604 0.0177146 0.0049689 0.0144336 0.00575679 0.0121271 0.00602816 0.010449 0.00604167 0.00919208 0.00592959 0.00822703 0.00576069 0.00747028 0.00557103 0.00686598 
0.192766 0.191677 0.205181 0.156746 0.132236 0.101541 0.0642236 0.0643288 0.0274275 0.0428893 0.00961236 0.0303883 0.00112774 0.022739 0.00290769 0.0178103 0.00479285 0.0144824 0.00561688 0.0121427 0.0059093 0.0104405 0.00593505 0.00916555 0.00582995 0.00818674 0.00566489 0.00741926 0.00547714 0.00680645 
0.192766 0.191729 0.204482 0.157454 0.133557 0.102396 0.0654758 0.0649682 0.0282695 0.0433139 0.0101467 0.0306603 0.00147424 0.022909 0.0026705 0.0179118 0.00461892 0.0145367 0.00547973 0.0121636 0.00579367 0.010437 0.00583196 0.00914392 0.00573406 0.00815124 0.00557299 0.00737295 0.00538727 0.00675157 
0.192766 0.191779 0.20372 0.158153 0.134849 0.103252 0.0667237 0.0656131 0.0291134 0.043745 0.0106826 0.0309388 0.00182099 0.0230851 0.00243431 0.0180189 0.00444692 0.0145962 0.00534519 0.0121895 0.00568109 0.0104385 0.00573224 0.00912703 0.00564177 0.00812038 0.00548484 0.00733119 0.00530125 0.00670116 
0.192766 0.191827 0.202896 0.158842 0.136113 0.104108 0.0679674 0.0662631 0.0299589 0.0441825 0.0112203 0.0312236 0.00216816 0.0232671 0.00219895 0.0181315 0.00427669 0.014661 0.00521309 0.0122204 0.00557141 0.0104446 0.00563573 0.00911474 0.00555292 0.008094 0.00540028 0.00729383 0.00521893 0.00665509 
0.192766 0.191872 0.202011 0.159523 0.137348 0.104964 0.0692065 0.0669182 0.0308062 0.0446262 0.0117597 0.0315145 0.00251588 0.0234548 0.00196427 0.0182495 0.00410808 0.0147308 0.00508326 0.012256 0.00546446 0.0104553 0.00554229 0.0091069 0.00546734 0.00807196 0.00531916 0.00726073 0.00514016 0.0066132 
0.192766 0.191916 0.201066 0.160193 0.138555 0.10582 0.0704409 0.067578 0.0316553 0.0450759 0.0123011 0.0318113 0.0028643 0.0236481 0.00173011 0.0183726 0.00394092 0.0148055 0.00495555 0.0122963 0.00536011 0.0104705 0.00545175 0.00910337 0.0053849 0.00805412 0.00524132 0.00723174 0.00506479 0.00657536 
0.192766 0.191957 0.200062 0.160855 0.139733 0.106675 0.0716705 0.0682424 0.0325062 0.0455315 0.0128446 0.032114 0.00321354 0.0238468 0.00149633 0.0185008 0.00377507 0.0148849 0.00482982 0.012341 0.00525819 0.0104901 0.00536398 0.00910403 0.00530545 0.00804036 0.00516664 0.00720674 0.00499269 0.00654144 
0.192766 0.191997 0.199 0.161506 0.140882 0.107529 0.072895 0.0689111 0.0333589 0.0459928 0.0133901 0.0324223 0.00356375 0.0240508 0.00126278 0.018634 0.00361039 0.0149689 0.00470592 0.0123902 0.00515857 0.0105138 0.00527882 0.00910873 0.00522884 0.00803053 0.00509497 0.00718559 0.00492371 0.00651131 
0.192766 0.192034 0.197882 0.162149 0.142002 0.108382 0.0741144 0.0695839 0.0342133 0.0464596 0.0139378 0.0327362 0.00391504 0.0242601 0.00102933 0.0187719 0.00344673 0.0150575 0.00458371 0.0124436 0.00506111 0.0105416 0.00519616 0.00911736 0.00515496 0.00802452 0.00502618 0.00716817 0.00485772 0.00648483 
0.192766 0.19207 0.196708 0.162782 0.143092 0.109233 0.0753284 0.0702607 0.0350695 0.0469318 0.0144879 0.0330554 0.00426752 0.0244743 0.000795851 0.0189146 0.00328396 0.0151504 0.00446306 0.0125012 0.00496568 0.0105733 0.00511585 0.0091298 0.00508366 0.00802221 0.00496014 0.00715435 0.00479461 0.00646189 
0.192766 0.192105 0.19548 0.163405 0.144153 0.110083 0.0765368 0.0709412 0.0359274 0.0474092 0.0150402 0.0333799 0.00462132 0.0246935 0.000562208 0.0190618 0.00312194 0.0152476 0.00434384 0.0125627 0.00487215 0.0106089 0.00503778 0.00914593 0.00501483 0.00802348 0.00489672 0.00714403 0.00473424 0.00644238 
0.192766 0.192137 0.194198 0.164019 0.145185 0.110932 0.0777396 0.0716252 0.036787 0.0478916 0.015595 0.0337095 0.00497654 0.0249175 0.000328284 0.0192134 0.00296056 0.0153489 0.00422591 0.0126282 0.00478039 0.0106482 0.00496181 0.00916563 0.00494834 0.00802821 0.00483582 0.00713709 0.00467651 0.00642618 
0.192766 0.192169 0.192865 0.164624 0.146186 0.111778 0.0789364 0.0723126 0.0376483 0.048379 0.0161522 0.0340441 0.00533328 0.0251462 9.39604e-05 0.0193694 0.0027997 0.0154543 0.00410917 0.0126975 0.00469029 0.0106911 0.00488784 0.00918881 0.00488408 0.0080363 0.00477732 0.00713343 0.00462128 0.00641319 
0.192766 0.192198 0.19148 0.165219 0.147158 0.112622 0.0801272 0.0730032 0.0385113 0.048871 0.016712 0.0343836 0.00569164 0.0253794 0.000140876 0.0195297 0.00263922 0.0155636 0.00399349 0.0127705 0.00460173 0.0107375 0.00481573 0.00921536 0.00482193 0.00804766 0.0047211 0.00713293 0.00456847 0.00640329 
0.192766 0.192227 0.190046 0.165805 0.148101 0.113464 0.0813117 0.0736968 0.0393758 0.0493677 0.0172744 0.0347278 0.00605172 0.0256172 0.000376333 0.019694 0.00247903 0.0156767 0.00387876 0.012847 0.00451459 0.0107873 0.0047454 0.00924517 0.00476179 0.00806216 0.00466705 0.00713551 0.00451795 0.0063964 
0.192766 0.192254 0.188563 0.166381 0.149013 0.114304 0.0824898 0.0743933 0.0402419 0.0498689 0.0178394 0.0350767 0.00641359 0.0258592 0.000612516 0.0198624 0.00231901 0.0157936 0.00376487 0.0129271 0.00442878 0.0108405 0.00467672 0.00927816 0.00470355 0.00807973 0.00461508 0.00714106 0.00446963 0.00639241 
0.192766 0.19228 0.187032 0.166948 0.149895 0.115141 0.0836613 0.0750923 0.0411095 0.0503744 0.0184071 0.0354301 0.00677735 0.0261056 0.000849526 0.0200348 0.00215905 0.0159142 0.00365171 0.0130106 0.00434418 0.0108969 0.0046096 0.00931423 0.0046471 0.00810027 0.00456507 0.00714948 0.0044234 0.00639123 
0.192766 0.192304 0.185455 0.167506 0.150747 0.115974 0.0848259 0.0757939 0.0419786 0.0508842 0.0189775 0.0357879 0.00714308 0.0263561 0.00108746 0.0202109 0.00199906 0.0160382 0.00353919 0.0130974 0.00426069 0.0109564 0.00454394 0.00935328 0.00459236 0.00812369 0.00451695 0.0071607 0.00437918 0.00639277 
0.192766 0.192328 0.183833 0.168054 0.151568 0.116806 0.0859836 0.0764978 0.0428491 0.051398 0.0195507 0.03615 0.00751086 0.0266107 0.00132641 0.0203909 0.00183893 0.0161658 0.0034272 0.0131874 0.00417822 0.0110189 0.00447964 0.00939525 0.00453922 0.0081499 0.0044706 0.00717463 0.00433686 0.00639695 
0.192766 0.19235 0.182167 0.168594 0.15236 0.117633 0.0871341 0.0772039 0.0437209 0.0519157 0.0201267 0.0365163 0.00788075 0.0268693 0.00156646 0.0205745 0.00167858 0.0162967 0.00331564 0.0132806 0.00409667 0.0110844 0.0044166 0.00944003 0.0044876 0.00817882 0.00442595 0.00719117 0.00429637 0.00640368 
0.192766 0.192371 0.180458 0.169124 0.153121 0.118458 0.0882772 0.077912 0.0445941 0.0524373 0.0207054 0.0368867 0.00825282 0.0271317 0.00180771 0.0207616 0.00151791 0.0164309 0.00320443 0.0133769 0.00401594 0.0111528 0.00435474 0.00948756 0.0044374 0.00821037 0.0043829 0.00721026 0.00425761 0.00641288 
0.192766 0.192391 0.178708 0.169645 0.153852 0.119279 0.0894128 0.078622 0.0454684 0.0529626 0.021287 0.037261 0.00862714 0.027398 0.00205023 0.0209523 0.00135682 0.0165683 0.00309348 0.0134761 0.00393596 0.011224 0.00429397 0.00953775 0.00438855 0.00824447 0.00434138 0.00723182 0.0042205 0.00642448 
0.192766 0.19241 0.176916 0.170157 0.154552 0.120097 0.0905407 0.0793337 0.0463438 0.0534916 0.0218714 0.0376393 0.00900378 0.0276679 0.0022941 0.0211464 0.00119525 0.0167089 0.00298269 0.0135782 0.00385664 0.011298 0.0042342 0.00959053 0.00434095 0.00828105 0.00430129 0.00725576 0.00418496 0.0064384 
0.192766 0.192429 0.175086 0.17066 0.155222 0.120911 0.0916606 0.080047 0.0472204 0.0540239 0.0224587 0.0380215 0.00938278 0.0279415 0.0025394 0.0213438 0.00103309 0.0168526 0.002872 0.0136832 0.00377788 0.0113746 0.00417536 0.00964583 0.00429453 0.00832004 0.00426256 0.00728202 0.00415092 0.00645456 
0.192766 0.192446 0.173217 0.171155 0.155862 0.121721 0.0927725 0.0807618 0.0480979 0.0545597 0.0230488 0.0384073 0.0097642 0.0282187 0.00278621 0.0215446 0.000870288 0.0169993 0.0027613 0.013791 0.00369963 0.0114538 0.00411737 0.00970359 0.0042492 0.00836137 0.00422512 0.00731054 0.00411829 0.00647291 
0.192766 0.192463 0.171311 0.17164 0.156472 0.122527 0.093876 0.0814778 0.0489763 0.0550987 0.0236419 0.0387968 0.0101481 0.0284994 0.00303458 0.0217485 0.000706751 0.0171488 0.00265054 0.0139015 0.00362178 0.0115355 0.00406015 0.00976372 0.00420491 0.00840497 0.00418888 0.00734124 0.00408701 0.00649337 
0.192766 0.192478 0.169369 0.172117 0.157051 0.123329 0.0949711 0.082195 0.0498556 0.0556409 0.0242378 0.0391898 0.0105345 0.0287834 0.00328459 0.0219555 0.00054241 0.0173013 0.00253963 0.0140146 0.00354428 0.0116197 0.00400362 0.00982618 0.00416157 0.00845079 0.00415379 0.00737406 0.004057 0.00651588 
0.192766 0.192493 0.167392 0.172585 0.157599 0.124127 0.0960576 0.0829132 0.0507356 0.0561861 0.0248366 0.0395863 0.0109235 0.0290708 0.0035363 0.0221657 0.000377194 0.0174566 0.0024285 0.0141303 0.00346705 0.0117063 0.00394772 0.00989091 0.00411911 0.00849875 0.00411977 0.00740894 0.0040282 0.00654038 
0.192766 0.192507 0.165382 0.173044 0.158118 0.124921 0.0971353 0.0836324 0.0516162 0.0567342 0.0254382 0.0399861 0.0113151 0.0293614 0.00378977 0.0223788 0.000211036 0.0176146 0.00231708 0.0142485 0.00339002 0.0117952 0.00389238 0.00995783 0.00407747 0.0085488 0.00408675 0.00744582 0.00400055 0.00656681 
0.192766 0.192521 0.163338 0.173495 0.158606 0.12571 0.0982039 0.0843523 0.0524974 0.0572853 0.0260428 0.0403893 0.0117093 0.0296553 0.00404506 0.0225949 4.38689e-05 0.0177753 0.0022053 0.0143692 0.00331312 0.0118864 0.00383752 0.0100269 0.00403658 0.00860088 0.00405468 0.00748465 0.00397398 0.00659512 
0.192766 0.192534 0.161264 0.173938 0.159064 0.126495 0.0992634 0.0850729 0.0533791 0.057839 0.0266502 0.0407957 0.0121062 0.0299523 0.00430223 0.0228138 0.000124369 0.0179386 0.00209311 0.0144923 0.00323629 0.0119799 0.0037831 0.0100981 0.00399638 0.00865494 0.00402348 0.00752536 0.00394842 0.00662524 
0.192766 0.192546 0.159158 0.174372 0.159491 0.127275 0.100314 0.0857941 0.0542612 0.0583954 0.0272604 0.0412053 0.0125058 0.0302523 0.00456132 0.0230356 0.00029374 0.0181045 0.00198042 0.0146178 0.00315946 0.0120755 0.00372904 0.0101712 0.00395681 0.00871093 0.00399311 0.00756791 0.00392383 0.00665712 
0.192766 0.192557 0.157024 0.174798 0.159889 0.128051 0.101354 0.0865157 0.0551435 0.0589544 0.0278735 0.0416179 0.0129082 0.0305554 0.00482239 0.0232601 0.000464301 0.0182729 0.0018672 0.0147456 0.00308258 0.0121733 0.00367528 0.0102464 0.0039178 0.00876879 0.0039635 0.00761225 0.00390014 0.00669073 
0.192766 0.192568 0.154861 0.175216 0.160257 0.128822 0.102385 0.0872375 0.0560261 0.0595158 0.0284894 0.0420336 0.0133133 0.0308614 0.00508549 0.0234874 0.000636109 0.0184438 0.00175336 0.0148756 0.00300558 0.0122731 0.00362177 0.0103235 0.00387931 0.00882848 0.0039346 0.00765832 0.00387731 0.00672599 
0.192766 0.192579 0.152671 0.175626 0.160594 0.129588 0.103406 0.0879596 0.0569087 0.0600797 0.0291081 0.0424521 0.0137213 0.0311703 0.00535066 0.0237173 0.000809217 0.0186172 0.00163887 0.0150078 0.00292841 0.012375 0.00356846 0.0104026 0.00384128 0.00888995 0.00390634 0.00770609 0.00385527 0.00676288 
0.192766 0.192589 0.150455 0.176028 0.160902 0.130349 0.104417 0.0886818 0.0577912 0.0606458 0.0297296 0.0428736 0.014132 0.031482 0.00561795 0.0239499 0.000983679 0.0187929 0.00152366 0.0151422 0.00285101 0.0124789 0.00351528 0.0104834 0.00380365 0.00895315 0.00387869 0.0077555 0.00383397 0.00680134 
0.192766 0.192598 0.148214 0.176422 0.16118 0.131105 0.105418 0.089404 0.0586737 0.0612141 0.0303538 0.0432978 0.0145456 0.0317965 0.00588739 0.024185 0.00115954 0.0189709 0.00140768 0.0152787 0.00277334 0.0125847 0.00346218 0.0105661 0.00376638 0.00901805 0.0038516 0.00780651 0.00381337 0.00684133 
0.192766 0.192607 0.145948 0.176809 0.161428 0.131856 0.106408 0.090126 0.0595559 0.0617845 0.0309807 0.0437248 0.0149621 0.0321137 0.00615903 0.0244226 0.00133686 0.0191512 0.00129089 0.0154173 0.00269533 0.0126924 0.00340912 0.0106505 0.00372941 0.00908459 0.003825 0.00785909 0.00379342 0.00688281 
0.192766 0.192616 0.14366 0.177187 0.161647 0.132602 0.107388 0.0908479 0.0604378 0.062357 0.0316104 0.0441545 0.0153814 0.0324336 0.0064329 0.0246627 0.00151567 0.0193337 0.00117322 0.0155579 0.00261694 0.0128019 0.00335605 0.0107366 0.00369269 0.00915274 0.00379886 0.00791318 0.00377408 0.00692574 
0.192766 0.192624 0.14135 0.177558 0.161836 0.133343 0.108357 0.0915694 0.0613193 0.0629314 0.0322427 0.0445868 0.0158036 0.0327561 0.00670904 0.0249053 0.00169602 0.0195185 0.00105464 0.0157005 0.00253813 0.0129133 0.00330291 0.0108245 0.00365618 0.00922247 0.00377313 0.00796876 0.00375529 0.00697008 
0.192766 0.192631 0.139018 0.177922 0.161996 0.134078 0.109316 0.0922905 0.0622001 0.0635077 0.0328776 0.0450216 0.0162287 0.0330812 0.00698748 0.0251502 0.00187796 0.0197054 0.000935096 0.0158451 0.00245884 0.0130265 0.00324966 0.0109139 0.00361984 0.00929372 0.00374776 0.00802578 0.00373702 0.0070158 
0.192766 0.192638 0.136667 0.178278 0.162127 0.134809 0.110263 0.0930111 0.0630804 0.0640858 0.0335151 0.0454589 0.0166567 0.0334088 0.00726825 0.0253974 0.00206152 0.0198944 0.000814547 0.0159916 0.00237903 0.0131414 0.00319626 0.011005 0.00358362 0.00936648 0.00372272 0.00808421 0.00371922 0.00706284 
0.192766 0.192645 0.134297 0.178627 0.162229 0.135533 0.111199 0.093731 0.0639598 0.0646656 0.0341551 0.0458986 0.0170876 0.0337388 0.00755139 0.025647 0.00224674 0.0200855 0.000692949 0.0161399 0.00229865 0.013258 0.00314267 0.0110977 0.00354748 0.0094407 0.00369796 0.00814401 0.00370186 0.0071112 
0.192766 0.192652 0.131909 0.178969 0.162302 0.136253 0.112124 0.0944503 0.0648384 0.0652471 0.0347977 0.0463407 0.0175214 0.0340713 0.00783691 0.0258988 0.00243367 0.0202787 0.000570263 0.0162901 0.00221767 0.0133763 0.00308884 0.0111919 0.00351138 0.00951635 0.00367344 0.00820515 0.00368489 0.00716082 
0.192766 0.192658 0.129503 0.179304 0.162346 0.136967 0.113038 0.0951688 0.0657159 0.0658301 0.0354427 0.0467852 0.0179581 0.0344062 0.00812485 0.0261528 0.00262233 0.0204738 0.000446447 0.0164422 0.00213605 0.0134963 0.00303474 0.0112876 0.00347527 0.0095934 0.00364913 0.00826761 0.00366828 0.00721168 
0.192766 0.192664 0.127082 0.179632 0.162361 0.137675 0.113939 0.0958865 0.0665924 0.0664147 0.0360902 0.0472319 0.0183978 0.0347435 0.00841522 0.026409 0.00281276 0.020671 0.000321464 0.016596 0.00205375 0.0136179 0.00298031 0.0113848 0.00343913 0.00967182 0.00362499 0.00833134 0.00365199 0.00726374 
0.192766 0.192669 0.124645 0.179953 0.162348 0.138378 0.114829 0.0966031 0.0674676 0.0670006 0.03674 0.0476808 0.0188404 0.035083 0.00870806 0.0266674 0.00300499 0.0208701 0.000195278 0.0167516 0.00197072 0.013741 0.00292554 0.0114834 0.00340291 0.00975158 0.00360097 0.00839633 0.00363599 0.00731699 
0.192766 0.192674 0.122194 0.180267 0.162307 0.139075 0.115708 0.0973188 0.0683415 0.067588 0.0373922 0.0481318 0.0192859 0.0354248 0.00900338 0.0269279 0.00319906 0.0210711 6.78517e-05 0.0169088 0.00188693 0.0138658 0.00287037 0.0115835 0.00336658 0.00983264 0.00357705 0.00846253 0.00362023 0.00737138 
0.192766 0.192679 0.119729 0.180575 0.162238 0.139767 0.116574 0.0980333 0.0692139 0.0681766 0.0380466 0.048585 0.0197343 0.0357688 0.0093012 0.0271905 0.00339499 0.021274 6.08475e-05 0.0170678 0.00180235 0.013992 0.00281479 0.0116849 0.0033301 0.009915 0.0035532 0.00852993 0.0036047 0.0074269 
0.192766 0.192684 0.117253 0.180876 0.16214 0.140453 0.117428 0.0987466 0.0700847 0.0687664 0.0387033 0.0490402 0.0201856 0.036115 0.00960154 0.0274551 0.00359282 0.0214788 0.000190853 0.0172285 0.00171694 0.0141198 0.00275874 0.0117877 0.00329345 0.0099986 0.00352938 0.0085985 0.00358936 0.00748351 
0.192766 0.192689 0.114764 0.181171 0.162015 0.141133 0.11827 0.0994587 0.0709538 0.0693574 0.0393622 0.0494974 0.0206398 0.0364633 0.00990441 0.0277218 0.00379257 0.0216853 0.000322196 0.0173908 0.00163067 0.014249 0.0027022 0.0118919 0.00325658 0.0100834 0.00350555 0.00866821 0.00357417 0.00754119 
0.192766 0.192693 0.112265 0.181459 0.161863 0.141808 0.119099 0.100169 0.0718211 0.0699495 0.0400232 0.0499566 0.021097 0.0368137 0.0102098 0.0279904 0.00399426 0.0218937 0.000454908 0.0175547 0.0015435 0.0143797 0.00264514 0.0119974 0.00321947 0.0101695 0.0034817 0.00873904 0.00355911 0.00759992 
0.192766 0.192697 0.109756 0.181741 0.161683 0.142477 0.119916 0.100879 0.0726865 0.0705426 0.0406862 0.0504176 0.0215569 0.0371662 0.0105178 0.028261 0.00419792 0.0221039 0.000589017 0.0177202 0.00145542 0.0145118 0.00258752 0.0121041 0.00318209 0.0102567 0.00345778 0.00881097 0.00354415 0.00765968 
0.192766 0.192701 0.107238 0.182017 0.161476 0.14314 0.12072 0.101586 0.0735499 0.0711367 0.0413513 0.0508806 0.0220198 0.0375207 0.0108284 0.0285335 0.00440358 0.0223158 0.000724552 0.0178872 0.00136638 0.0146453 0.00252932 0.0122122 0.0031444 0.0103451 0.00343377 0.00888397 0.00352925 0.00772043 
0.192766 0.192704 0.104711 0.182287 0.161242 0.143797 0.121512 0.102293 0.0744111 0.0717316 0.0420183 0.0513453 0.0224855 0.0378772 0.0111415 0.0288079 0.00461125 0.0225294 0.00086154 0.0180559 0.00127635 0.0147802 0.00247051 0.0123215 0.00310639 0.0104347 0.00340964 0.00895802 0.00351441 0.00778217 
0.192766 0.192708 0.102178 0.182551 0.160982 0.144448 0.12229 0.102997 0.07527 0.0723275 0.0426872 0.0518118 0.0229541 0.0382357 0.0114573 0.0290842 0.00482097 0.0227448 0.00100001 0.018226 0.00118532 0.0149165 0.00241105 0.012432 0.00306801 0.0105253 0.00338537 0.00903311 0.00349958 0.00784486 
0.192766 0.192711 0.0996373 0.182809 0.160695 0.145094 0.123056 0.1037 0.0761265 0.0729241 0.043358 0.0522801 0.0234255 0.0385961 0.0117756 0.0293623 0.00503274 0.0229618 0.00113998 0.0183976 0.00109325 0.0150541 0.00235093 0.0125438 0.00302925 0.0106171 0.00336094 0.0091092 0.00348474 0.0079085 
0.192766 0.192714 0.0970911 0.183062 0.160381 0.145734 0.123808 0.104401 0.0769805 0.0735214 0.0440306 0.05275 0.0238997 0.0389583 0.0120966 0.0296422 0.00524658 0.0231804 0.00128148 0.0185707 0.00100012 0.015193 0.00229011 0.0126567 0.00299008 0.0107099 0.0033363 0.00918629 0.00346987 0.00797305 
0.192766 0.192717 0.0945398 0.183308 0.160042 0.146367 0.124547 0.1051 0.0778318 0.0741194 0.0447048 0.0532215 0.0243766 0.0393225 0.0124202 0.029924 0.00546252 0.0234007 0.00142453 0.0187453 0.000905901 0.0153332 0.00222858 0.0127708 0.00295048 0.0108038 0.00331144 0.00926436 0.00345494 0.00803851 
0.192766 0.192719 0.0919843 0.18355 0.159677 0.146996 0.125273 0.105798 0.0786804 0.0747179 0.0453808 0.0536947 0.0248564 0.0396885 0.0127464 0.0302075 0.00568057 0.0236226 0.00156915 0.0189213 0.000810569 0.0154747 0.0021663 0.012886 0.00291041 0.0108988 0.00328635 0.00934338 0.00343993 0.00810485 
0.192766 0.192722 0.0894252 0.183785 0.159286 0.147618 0.125985 0.106493 0.0795262 0.0753171 0.0460583 0.0541693 0.0253389 0.0400562 0.0130752 0.0304927 0.00590075 0.0238461 0.00171537 0.0190987 0.000714101 0.0156175 0.00210325 0.0130024 0.00286986 0.0109948 0.00326098 0.00942334 0.00342483 0.00817206 
0.192766 0.192724 0.0868632 0.184016 0.15887 0.148234 0.126684 0.107187 0.0803689 0.0759167 0.0467373 0.0546455 0.0258241 0.0404257 0.0134066 0.0307796 0.00612307 0.0240711 0.00186321 0.0192775 0.000616476 0.0157616 0.00203941 0.0131199 0.0028288 0.0110917 0.00323533 0.00950423 0.0034096 0.00824013 
0.192766 0.192727 0.0842991 0.184241 0.158429 0.148844 0.12737 0.107878 0.0812086 0.0765168 0.0474178 0.0551232 0.0263121 0.040797 0.0137407 0.0310683 0.00634755 0.0242977 0.00201268 0.0194577 0.00051767 0.0159068 0.00197476 0.0132385 0.00278722 0.0111897 0.00320936 0.00958602 0.00339423 0.00830903 
0.192766 0.192729 0.0817336 0.184461 0.157963 0.149449 0.128041 0.108567 0.082045 0.0771172 0.0480997 0.0556023 0.0268027 0.04117 0.0140774 0.0313586 0.00657419 0.0245259 0.0021638 0.0196393 0.000417664 0.0160533 0.00190927 0.0133582 0.00274508 0.0112887 0.00318307 0.00966871 0.00337869 0.00837875 
0.192766 0.192731 0.0791673 0.184676 0.157473 0.150047 0.128699 0.109254 0.0828781 0.077718 0.0487829 0.0560828 0.0272959 0.0415446 0.0144168 0.0316506 0.00680302 0.0247555 0.0023166 0.0198222 0.000316436 0.016201 0.00184292 0.013479 0.00270238 0.0113886 0.00315642 0.00975227 0.00336297 0.00844927 
0.192766 0.192733 0.0766009 0.184886 0.156958 0.15064 0.129343 0.109939 0.0837078 0.0783191 0.0494674 0.0565646 0.0277918 0.0419209 0.0147587 0.0319441 0.00703404 0.0249866 0.00247108 0.0200065 0.000213968 0.0163499 0.0017757 0.0136008 0.00265908 0.0114895 0.00312941 0.0098367 0.00334705 0.00852059 
0.192766 0.192735 0.0740351 0.185091 0.156419 0.151227 0.129973 0.110622 0.0845339 0.0789204 0.0501531 0.0570477 0.0282903 0.0422988 0.0151033 0.0322393 0.00726726 0.0252192 0.00262727 0.0201921 0.000110239 0.0164999 0.00170759 0.0137237 0.00261517 0.0115914 0.003102 0.00992199 0.00333091 0.00859269 
0.192766 0.192737 0.0714705 0.185292 0.155857 0.151808 0.130589 0.111302 0.0853564 0.0795219 0.0508399 0.0575321 0.0287914 0.0426783 0.0154505 0.0325361 0.00750269 0.0254533 0.00278518 0.020379 5.23281e-06 0.0166511 0.00163856 0.0138476 0.00257064 0.0116941 0.00307419 0.0100081 0.00331453 0.00866556 
0.192766 0.192738 0.0689077 0.185488 0.15527 0.152383 0.131191 0.11198 0.086175 0.0801235 0.0515278 0.0580178 0.029295 0.0430594 0.0158004 0.0328345 0.00774034 0.0256888 0.00294483 0.0205671 0.000101069 0.0168035 0.00156859 0.0139726 0.00252545 0.0117978 0.00304595 0.0100951 0.00329789 0.00873918 
0.192766 0.19274 0.0663474 0.185679 0.154661 0.152952 0.131779 0.112655 0.0869897 0.0807252 0.0522166 0.0585046 0.0298011 0.043442 0.0161528 0.0331343 0.00798023 0.0259257 0.00310623 0.0207566 0.000208685 0.0169569 0.00149767 0.0140985 0.0024796 0.0119024 0.00301726 0.0101828 0.00328098 0.00881354 
0.192766 0.192741 0.06379 0.185865 0.154029 0.153515 0.132352 0.113328 0.0878005 0.081327 0.0529063 0.0589926 0.0303097 0.0438261 0.0165079 0.0334357 0.00822234 0.026164 0.00326939 0.0209473 0.000317629 0.0171115 0.00142579 0.0142254 0.00243307 0.0120078 0.00298812 0.0102714 0.00326378 0.00888864 
0.192766 0.192743 0.0612363 0.186048 0.153373 0.154073 0.132912 0.113998 0.0886071 0.0819287 0.0535969 0.0594817 0.0308208 0.0442117 0.0168655 0.0337386 0.00846671 0.0264038 0.00343433 0.0211393 0.000427918 0.0172673 0.00135292 0.0143534 0.00238584 0.0121142 0.00295849 0.0103607 0.00324627 0.00896446 
0.192766 0.192744 0.0586868 0.186225 0.152696 0.154625 0.133456 0.114666 0.0894095 0.0825304 0.0542883 0.0599719 0.0313343 0.0445988 0.0172257 0.034043 0.00871331 0.0266449 0.00360106 0.0213325 0.000539567 0.0174241 0.00127905 0.0144823 0.00233789 0.0122214 0.00292838 0.0104509 0.00322845 0.00904098 
0.192766 0.192745 0.056142 0.186399 0.151996 0.15517 0.133987 0.115331 0.0902075 0.0831319 0.0549803 0.0604632 0.0318501 0.0449873 0.0175886 0.0343489 0.00896218 0.0268873 0.00376959 0.0215269 0.000652591 0.017582 0.00120416 0.0146121 0.00228922 0.0123294 0.00289776 0.0105418 0.00321029 0.00911821 
0.192766 0.192746 0.0536025 0.186569 0.151275 0.15571 0.134503 0.115994 0.0910011 0.0837333 0.055673 0.0609555 0.0323683 0.0453772 0.017954 0.0346562 0.0092133 0.0271311 0.00393993 0.0217225 0.000767005 0.0177409 0.00112824 0.0147429 0.00223979 0.0124384 0.00286661 0.0106335 0.00319178 0.00919613 
0.192766 0.192747 0.0510687 0.186734 0.150531 0.156245 0.135004 0.116653 0.0917901 0.0843345 0.0563662 0.0614487 0.0328888 0.0457685 0.0183219 0.0349649 0.00946668 0.0273763 0.0041121 0.0219193 0.000882821 0.017901 0.00105127 0.0148747 0.0021896 0.0125481 0.00283492 0.0107259 0.0031729 0.00927473 
0.192766 0.192748 0.0485413 0.186895 0.149767 0.156773 0.135491 0.11731 0.0925745 0.0849355 0.0570599 0.061943 0.0334116 0.0461611 0.0186924 0.035275 0.00972233 0.0276228 0.00428609 0.0221174 0.00100005 0.018062 0.00097324 0.0150074 0.00213864 0.0126587 0.00280269 0.0108191 0.00315365 0.009354 
0.192766 0.192749 0.0460207 0.187053 0.148981 0.157296 0.135963 0.117965 0.0933541 0.0855362 0.057754 0.0624381 0.0339367 0.0465551 0.0190655 0.0355866 0.00998024 0.0278705 0.00446193 0.0223166 0.00111871 0.0182242 0.000894135 0.015141 0.00208689 0.0127701 0.00276988 0.010913 0.003134 0.00943394 
0.192766 0.19275 0.0435074 0.187207 0.148175 0.157813 0.136421 0.118616 0.0941288 0.0861365 0.0584485 0.0629341 0.0344639 0.0469504 0.0194411 0.0358995 0.0102404 0.0281196 0.00463963 0.0225169 0.00123881 0.0183873 0.000813941 0.0152755 0.00203433 0.0128823 0.0027365 0.0110076 0.00311396 0.00951454 
0.192766 0.192751 0.0410018 0.187356 0.147348 0.158324 0.136864 0.119265 0.0948985 0.0867365 0.0591431 0.063431 0.0349934 0.047347 0.0198192 0.0362138 0.0105029 0.0283699 0.00481918 0.0227184 0.00136037 0.0185515 0.000732646 0.0154109 0.00198095 0.0129954 0.00270253 0.011103 0.00309349 0.00959578 
0.192766 0.192752 0.0385045 0.187503 0.146501 0.158829 0.137292 0.119911 0.0956632 0.0873361 0.059838 0.0639287 0.0355249 0.0477449 0.0201998 0.0365294 0.0107676 0.0286216 0.00500059 0.0229211 0.00148338 0.0187167 0.000650236 0.0155473 0.00192675 0.0131092 0.00266795 0.0111991 0.0030726 0.00967766 
0.192766 0.192753 0.0360159 0.187645 0.145635 0.159329 0.137705 0.120553 0.0964226 0.0879353 0.060533 0.0644272 0.0360585 0.048144 0.0205829 0.0368463 0.0110346 0.0288744 0.00518389 0.0231249 0.00160787 0.0188829 0.0005667 0.0156845 0.0018717 0.0132238 0.00263275 0.0112958 0.00305126 0.00976017 
0.192766 0.192754 0.0335363 0.187784 0.144748 0.159823 0.138104 0.121193 0.0971768 0.0885339 0.061228 0.0649264 0.0365942 0.0485443 0.0209684 0.0371646 0.0113038 0.0291286 0.00536906 0.0233298 0.00173384 0.0190502 0.000482026 0.0158226 0.0018158 0.0133392 0.00259692 0.0113933 0.00302947 0.00984332 
0.192766 0.192754 0.0310663 0.18792 0.143843 0.160312 0.138487 0.12183 0.0979256 0.089132 0.0619229 0.0654263 0.0371319 0.0489458 0.0213564 0.0374841 0.0115754 0.0293839 0.00555612 0.0235358 0.00186131 0.0192184 0.000396203 0.0159616 0.00175903 0.0134554 0.00256045 0.0114915 0.00300722 0.00992708 
0.192766 0.192755 0.0286062 0.188052 0.142918 0.160795 0.138856 0.122464 0.0986689 0.0897295 0.0626177 0.065927 0.0376716 0.0493485 0.0217469 0.0378049 0.0118492 0.0296405 0.00574508 0.023743 0.00199029 0.0193876 0.000309219 0.0161014 0.00170138 0.0135723 0.00252333 0.0115903 0.00298449 0.0100115 
0.192766 0.192756 0.0261565 0.188181 0.141975 0.161272 0.13921 0.123095 0.0994066 0.0903265 0.0633124 0.0664283 0.0382132 0.0497524 0.0221398 0.038127 0.0121252 0.0298983 0.00593593 0.0239512 0.00212077 0.0195577 0.000221064 0.0162421 0.00164285 0.01369 0.00248555 0.0116898 0.00296128 0.0100964 
0.192766 0.192756 0.0237174 0.188307 0.141013 0.161744 0.139549 0.123722 0.100139 0.0909228 0.0640067 0.0669302 0.0387567 0.0501573 0.0225351 0.0384503 0.0124036 0.0301572 0.00612868 0.0241606 0.00225278 0.0197288 0.000131727 0.0163837 0.00158341 0.0138085 0.00244709 0.01179 0.00293757 0.010182 
0.192766 0.192757 0.0212894 0.18843 0.140034 0.16221 0.139874 0.124347 0.100865 0.0915184 0.0647007 0.0674328 0.039302 0.0505634 0.0229328 0.0387749 0.0126841 0.0304174 0.00632335 0.024371 0.00238631 0.0199009 4.11996e-05 0.0165261 0.00152306 0.0139277 0.00240795 0.0118909 0.00291335 0.0102682 
0.192766 0.192757 0.0188729 0.188549 0.139036 0.162671 0.140183 0.124968 0.101585 0.0921132 0.0653943 0.0679359 0.0398492 0.0509706 0.0233328 0.0391007 0.012967 0.0306787 0.00651993 0.0245824 0.00252139 0.020074 5.05292e-05 0.0166694 0.0014618 0.0140477 0.00236811 0.0119924 0.00288862 0.010355 
0.192766 0.192758 0.0164682 0.188666 0.138021 0.163126 0.140477 0.125587 0.1023 0.0927074 0.0660874 0.0684396 0.0403981 0.0513789 0.0237352 0.0394277 0.0132521 0.0309412 0.00671842 0.024795 0.00265801 0.020248 0.000143468 0.0168135 0.0013996 0.0141684 0.00232757 0.0120946 0.00286336 0.0104423 
0.192766 0.192758 0.0140755 0.188779 0.136989 0.163576 0.140757 0.126202 0.103008 0.0933007 0.0667799 0.0689437 0.0409487 0.0517882 0.02414 0.0397558 0.0135394 0.0312049 0.00691883 0.0250086 0.00279618 0.0204229 0.000237627 0.0169584 0.00133646 0.0142898 0.00228631 0.0121974 0.00283757 0.0105303 
0.192766 0.192759 0.0116953 0.18889 0.13594 0.164021 0.141022 0.126814 0.10371 0.0938932 0.0674718 0.0694484 0.041501 0.0521985 0.024547 0.0400852 0.013829 0.0314697 0.00712116 0.0252232 0.00293591 0.0205988 0.000333013 0.0171041 0.00127238 0.0144119 0.00224433 0.0123009 0.00281123 0.0106188 
0.192766 0.192759 0.00932788 0.188997 0.134875 0.16446 0.141271 0.127422 0.104406 0.0944848 0.0681629 0.0699535 0.0420549 0.0526098 0.0249564 0.0404157 0.0141208 0.0317356 0.00732542 0.0254389 0.00307721 0.0207756 0.000429636 0.0172507 0.00120733 0.0145348 0.00220162 0.012405 0.00278434 0.0107078 
0.192766 0.192759 0.00697349 0.189102 0.133793 0.164894 0.141506 0.128028 0.105096 0.0950756 0.0688532 0.070459 0.0426104 0.0530221 0.025368 0.0407473 0.0144148 0.0320027 0.00753161 0.0256556 0.00322007 0.0209533 0.000527504 0.0173981 0.00114132 0.0146584 0.00215816 0.0125098 0.00275689 0.0107975 
0.192766 0.19276 0.00463243 0.189205 0.132695 0.165322 0.141726 0.12863 0.105779 0.0956654 0.0695427 0.0709649 0.0431675 0.0534354 0.0257819 0.0410801 0.014711 0.0322708 0.00773972 0.0258734 0.00336452 0.0211319 0.000626624 0.0175463 0.00107433 0.0147827 0.00211396 0.0126152 0.00272886 0.0108877 
0.192766 0.19276 0.00230499 0.189305 0.131582 0.165746 0.141931 0.129229 0.106456 0.0962542 0.0702312 0.0714712 0.043726 0.0538496 0.026198 0.041414 0.0150095 0.0325401 0.00794976 0.0260921 0.00351055 0.0213114 0.000727004 0.0176953 0.00100636 0.0149078 0.00206899 0.0127212 0.00270026 0.0109785 
0.192766 0.19276 8.57049e-06 0.189402 0.130453 0.166164 0.142121 0.129824 0.107126 0.0968421 0.0709187 0.0719779 0.044286 0.0542648 0.0266163 0.041749 0.0153102 0.0328105 0.00816173 0.0263119 0.00365817 0.0214919 0.000828651 0.0178451 0.000937394 0.0150335 0.00202326 0.0128278 0.00267107 0.0110698 
0.192766 0.192761 0.00230799 0.189496 0.129309 0.166576 0.142296 0.130416 0.107789 0.0974289 0.0716051 0.0724849 0.0448474 0.0546809 0.0270368 0.0420851 0.0156131 0.0330819 0.00837563 0.0265326 0.00380738 0.0216732 0.000931573 0.0179957 0.000867429 0.0151599 0.00197675 0.012935 0.00264129 0.0111617 
0.192766 0.192761 0.00459303 0.189588 0.12815 0.166984 0.142456 0.131005 0.108446 0.0980147 0.0722903 0.0729921 0.0454102 0.0550978 0.0274595 0.0424222 0.0159181 0.0333544 0.00859147 0.0267544 0.00395819 0.0218554 0.00103578 0.018147 0.000796456 0.015287 0.00192946 0.0130429 0.0026109 0.0112541 
0.192766 0.192761 0.00686345 0.189678 0.126977 0.167386 0.142602 0.131591 0.109096 0.0985993 0.0729742 0.0734996 0.0459742 0.0555156 0.0278843 0.0427604 0.0162254 0.033628 0.00880923 0.0269771 0.00411061 0.0220386 0.00114127 0.0182992 0.000724468 0.0154148 0.00188138 0.0131514 0.0025799 0.011347 
0.192766 0.192762 0.00911902 0.189765 0.12579 0.167784 0.142732 0.132173 0.109739 0.0991829 0.0736569 0.0740074 0.0465395 0.0559343 0.0283112 0.0430997 0.0165348 0.0339026 0.00902892 0.0272009 0.00426463 0.0222226 0.00124805 0.0184522 0.000651457 0.0155434 0.0018325 0.0132605 0.00254829 0.0114405 
0.192766 0.192762 0.0113595 0.18985 0.124588 0.168176 0.142848 0.132751 0.110375 0.0997653 0.0743381 0.0745153 0.0471061 0.0563537 0.0287402 0.04344 0.0168464 0.0341783 0.00925055 0.0274256 0.00442026 0.0224074 0.00135613 0.0186059 0.000577417 0.0156725 0.00178281 0.0133702 0.00251605 0.0115346 
0.192766 0.192762 0.0135848 0.189933 0.123374 0.168564 0.142949 0.133327 0.111004 0.100346 0.0750179 0.0750235 0.0476738 0.056774 0.0291713 0.0437813 0.0171602 0.034455 0.0094741 0.0276512 0.00457751 0.0225932 0.00146552 0.0187604 0.00050234 0.0158024 0.00173232 0.0134805 0.00248318 0.0116291 
0.192766 0.192762 0.0157946 0.190014 0.122146 0.168946 0.143036 0.133898 0.111626 0.100926 0.0756961 0.0755317 0.0482426 0.0571951 0.0296045 0.0441237 0.0174761 0.0347328 0.00969958 0.0278779 0.00473637 0.0227798 0.00157623 0.0189156 0.00042622 0.015933 0.001681 0.0135913 0.00244967 0.0117242 
0.192766 0.192763 0.0179887 0.190092 0.120905 0.169323 0.143107 0.134467 0.112241 0.101505 0.0763727 0.0760402 0.0488125 0.057617 0.0300396 0.044467 0.0177941 0.0350115 0.00992699 0.0281054 0.00489685 0.0229673 0.00168824 0.0190717 0.000349051 0.0160642 0.00162885 0.0137028 0.00241552 0.0118199 
0.192766 0.192763 0.0201671 0.190169 0.119651 0.169696 0.143164 0.135032 0.112848 0.102083 0.0770476 0.0765487 0.0493834 0.0580396 0.0304767 0.0448113 0.0181142 0.0352913 0.0101563 0.028334 0.00505896 0.0231556 0.00180158 0.0192284 0.000270827 0.0161961 0.00157588 0.0138149 0.00238071 0.011916 
0.192766 0.192763 0.0223294 0.190243 0.118385 0.170064 0.143207 0.135593 0.113448 0.102659 0.0777207 0.0770573 0.0499553 0.0584629 0.0309158 0.0451566 0.0184365 0.0355721 0.0103876 0.0285635 0.00522269 0.0233448 0.00191625 0.019386 0.00019154 0.0163286 0.00152206 0.0139276 0.00234525 0.0120127 
0.192766 0.192763 0.0244756 0.190316 0.117106 0.170426 0.143234 0.136151 0.114041 0.103234 0.078392 0.077566 0.0505282 0.058887 0.0313568 0.0455028 0.0187609 0.0358539 0.0106207 0.0287939 0.00538805 0.0235348 0.00203225 0.0195443 0.000111186 0.0164619 0.0014674 0.0140408 0.00230912 0.0121099 
0.192766 0.192763 0.0266055 0.190386 0.115816 0.170785 0.143248 0.136705 0.114626 0.103807 0.0790614 0.0780747 0.0511019 0.0593117 0.0317998 0.04585 0.0190873 0.0361366 0.0108558 0.0290252 0.00555504 0.0237257 0.00214958 0.0197033 2.97594e-05 0.0165958 0.00141188 0.0141547 0.00227232 0.0122076 
0.192766 0.192763 0.028719 0.190455 0.114515 0.171138 0.143246 0.137256 0.115204 0.104379 0.0797289 0.0785834 0.0516764 0.0597372 0.0322446 0.0461981 0.0194159 0.0364203 0.0110928 0.0292575 0.00572367 0.0239174 0.00226826 0.0198631 5.27464e-05 0.0167303 0.00135551 0.0142691 0.00223485 0.0123058 
0.192766 0.192763 0.0308159 0.190521 0.113202 0.171486 0.14323 0.137804 0.115774 0.10495 0.0803942 0.0790921 0.0522518 0.0601633 0.0326913 0.0465471 0.0197465 0.036705 0.0113317 0.0294906 0.00589392 0.0241099 0.00238828 0.0200237 0.000136336 0.0168655 0.00129828 0.0143841 0.00219669 0.0124045 
0.192766 0.192764 0.0328961 0.190586 0.111878 0.17183 0.1432 0.138347 0.116336 0.105519 0.0810575 0.0796007 0.0528278 0.06059 0.0331398 0.0468971 0.0200791 0.0369907 0.0115725 0.0297247 0.00606581 0.0243033 0.00250965 0.0201849 0.000221015 0.0170014 0.00124017 0.0144997 0.00215785 0.0125038 
0.192766 0.192764 0.0349596 0.19065 0.110544 0.17217 0.143156 0.138888 0.11689 0.106087 0.0817185 0.0801093 0.0534046 0.0610173 0.0335902 0.0472479 0.0204138 0.0372772 0.0118152 0.0299597 0.00623934 0.0244975 0.00263237 0.020347 0.000306789 0.0171379 0.00118119 0.0146158 0.00211831 0.0126035 
0.192766 0.192764 0.0370061 0.190711 0.109199 0.172504 0.143097 0.139425 0.117437 0.106653 0.0823773 0.0806177 0.053982 0.0614453 0.0340423 0.0475996 0.0207505 0.0375648 0.0120599 0.0301956 0.0064145 0.0246925 0.00275645 0.0205097 0.000393662 0.017275 0.00112134 0.0147326 0.00207807 0.0127038 
0.192766 0.192764 0.0390355 0.190771 0.107844 0.172835 0.143024 0.139958 0.117976 0.107218 0.0830338 0.0811261 0.0545599 0.0618739 0.0344961 0.0479522 0.0210893 0.0378532 0.0123064 0.0304324 0.0065913 0.0248884 0.00288188 0.0206732 0.000481638 0.0174128 0.00106059 0.0148498 0.00203713 0.0128045 
0.192766 0.192764 0.0410479 0.190829 0.106479 0.17316 0.142936 0.140487 0.118507 0.107782 0.0836879 0.0816343 0.0551384 0.062303 0.0349517 0.0483056 0.02143 0.0381426 0.0125547 0.0306701 0.00676973 0.025085 0.00300868 0.0208374 0.000570723 0.0175513 0.000998958 0.0149677 0.00199548 0.0129058 
0.192766 0.192764 0.0430431 0.190886 0.105105 0.173481 0.142835 0.141014 0.11903 0.108343 0.0843395 0.0821424 0.0557174 0.0627327 0.0354089 0.0486599 0.0217727 0.0384329 0.012805 0.0309087 0.00694981 0.0252825 0.00313685 0.0210023 0.000660921 0.0176904 0.000936429 0.0150861 0.00195311 0.0130076 
0.192766 0.192764 0.045021 0.190941 0.103722 0.173798 0.142719 0.141536 0.119545 0.108904 0.0849885 0.0826503 0.0562969 0.0631629 0.0358678 0.049015 0.0221174 0.0387241 0.0130572 0.0311481 0.00713152 0.0254807 0.00326638 0.021168 0.000752236 0.0178301 0.000873 0.0152051 0.00191003 0.0131098 
0.192766 0.192764 0.0469816 0.190994 0.102329 0.174111 0.14259 0.142055 0.120052 0.109462 0.085635 0.083158 0.0568767 0.0635936 0.0363284 0.049371 0.022464 0.0390162 0.0133112 0.0313884 0.00731487 0.0256798 0.00339728 0.0213343 0.000844673 0.0179705 0.000808665 0.0153247 0.00186622 0.0132126 
0.192766 0.192764 0.0489248 0.191046 0.100928 0.174419 0.142446 0.142571 0.120551 0.110019 0.0862788 0.0836654 0.0574568 0.0640248 0.0367905 0.0497277 0.0228126 0.0393092 0.0135671 0.0316296 0.00749986 0.0258797 0.00352956 0.0215014 0.000938235 0.0181115 0.000743421 0.0154448 0.00182168 0.0133158 
0.192766 0.192765 0.0508506 0.191097 0.0995184 0.174723 0.142289 0.143082 0.121042 0.110574 0.0869198 0.0841726 0.0580373 0.0644565 0.0372542 0.0500852 0.0231631 0.0396031 0.0138248 0.0318716 0.00768649 0.0260803 0.00366321 0.0216692 0.00103293 0.0182531 0.000677263 0.0155655 0.00177641 0.0134196 
0.192766 0.192765 0.0527588 0.191146 0.0981006 0.175022 0.142117 0.143591 0.121524 0.111128 0.0875581 0.0846796 0.058618 0.0648887 0.0377195 0.0504435 0.0235155 0.0398978 0.0140844 0.0321145 0.00787475 0.0262818 0.00379825 0.0218377 0.00112875 0.0183954 0.000610186 0.0156867 0.00173039 0.0135238 
0.192766 0.192765 0.0546495 0.191194 0.096675 0.175317 0.141932 0.144095 0.121998 0.11168 0.0881934 0.0851862 0.0591989 0.0653214 0.0381863 0.0508026 0.0238698 0.0401934 0.0143459 0.0323582 0.00806464 0.026484 0.00393466 0.0220069 0.00122571 0.0185382 0.000542186 0.0158085 0.00168364 0.0136285 
0.192766 0.192765 0.0565226 0.19124 0.0952418 0.175609 0.141734 0.144596 0.122464 0.11223 0.0888259 0.0856925 0.0597799 0.0657544 0.0386545 0.0511625 0.024226 0.0404899 0.0146092 0.0326028 0.00825617 0.026687 0.00407245 0.0221768 0.00132381 0.0186818 0.000473259 0.0159308 0.00163613 0.0137338 
0.192766 0.192765 0.0583781 0.191285 0.0938012 0.175896 0.141521 0.145094 0.122921 0.112779 0.0894553 0.0861985 0.060361 0.0661879 0.0391242 0.0515231 0.0245841 0.0407872 0.0148743 0.0328482 0.00844934 0.0268908 0.00421163 0.0223474 0.00142306 0.0188259 0.000403402 0.0160537 0.00158788 0.0138395 
0.192766 0.192765 0.0602159 0.191329 0.0923535 0.176178 0.141296 0.145588 0.12337 0.113325 0.0900817 0.0867041 0.0609422 0.0666218 0.0395953 0.0518844 0.024944 0.0410854 0.0151413 0.0330945 0.00864413 0.0270953 0.0043522 0.0225187 0.00152345 0.0189707 0.000332609 0.0161771 0.00153887 0.0139456 
0.192766 0.192765 0.0620361 0.191372 0.090899 0.176457 0.141056 0.146078 0.123811 0.11387 0.090705 0.0872094 0.0615233 0.067056 0.0400678 0.0522465 0.0253057 0.0413844 0.01541 0.0333415 0.00884055 0.0273007 0.00449415 0.0226907 0.00162499 0.019116 0.000260877 0.0163011 0.0014891 0.0140523 
0.192766 0.192765 0.0638386 0.191413 0.0894379 0.176732 0.140804 0.146565 0.124243 0.114414 0.091325 0.0877142 0.0621044 0.0674907 0.0405417 0.0526092 0.0256693 0.0416842 0.0156806 0.0335894 0.00903861 0.0275068 0.00463749 0.0228634 0.00172768 0.019262 0.000188203 0.0164257 0.00143856 0.0141595 
0.192766 0.192765 0.0656235 0.191454 0.0879705 0.177003 0.140538 0.147048 0.124666 0.114955 0.0919418 0.0882186 0.0626854 0.0679257 0.0410169 0.0529727 0.0260346 0.0419848 0.015953 0.0338382 0.00923828 0.0277136 0.00478222 0.0230368 0.00183153 0.0194086 0.000114582 0.0165507 0.00138726 0.0142671 
0.192766 0.192765 0.0673907 0.191493 0.086497 0.17727 0.140259 0.147528 0.125081 0.115495 0.0925553 0.0887226 0.0632662 0.068361 0.0414934 0.0533368 0.0264017 0.0422863 0.0162272 0.0340877 0.00943958 0.0279212 0.00492834 0.0232109 0.00193653 0.0195559 4.00112e-05 0.0166764 0.00133518 0.0143753 
0.192766 0.192765 0.0691402 0.191531 0.0850178 0.177533 0.139966 0.148004 0.125488 0.116032 0.0931654 0.0892261 0.0638469 0.0687966 0.0419711 0.0537017 0.0267706 0.0425885 0.0165032 0.034338 0.0096425 0.0281296 0.00507585 0.0233857 0.0020427 0.0197037 3.5513e-05 0.0168025 0.00128233 0.0144839 
0.192766 0.192765 0.070872 0.191568 0.083533 0.177792 0.139661 0.148476 0.125885 0.116568 0.0937721 0.0897291 0.0644272 0.0692325 0.0424501 0.0540672 0.0271412 0.0428915 0.0167809 0.0345891 0.00984704 0.0283387 0.00522475 0.0235611 0.00215003 0.0198522 0.000111994 0.0169292 0.0012287 0.0145929 
0.192766 0.192765 0.0725862 0.191604 0.0820428 0.178048 0.139343 0.148945 0.126275 0.117102 0.0943753 0.0902316 0.0650073 0.0696687 0.0429303 0.0544333 0.0275135 0.0431954 0.0170605 0.034841 0.0100532 0.0285486 0.00537505 0.0237372 0.00225853 0.0200012 0.000189435 0.0170565 0.00117428 0.0147025 
0.192766 0.192765 0.0742828 0.191639 0.0805476 0.1783 0.139012 0.14941 0.126655 0.117634 0.0949749 0.0907336 0.065587 0.0701052 0.0434117 0.0548001 0.0278876 0.0434999 0.0173418 0.0350938 0.010261 0.0287592 0.00552674 0.023914 0.00236819 0.0201509 0.00026784 0.0171843 0.00111908 0.0148125 
0.192766 0.192765 0.0759617 0.191673 0.0790476 0.178548 0.138668 0.149872 0.127026 0.118164 0.095571 0.0912351 0.0661663 0.070542 0.0438941 0.0551675 0.0282633 0.0438053 0.0176248 0.0353472 0.0104703 0.0289706 0.00567982 0.0240915 0.00247903 0.0203011 0.00034721 0.0173126 0.00106309 0.0149231 
0.192766 0.192765 0.0776231 0.191706 0.077543 0.178792 0.138311 0.15033 0.127389 0.118693 0.0961633 0.091736 0.0667452 0.0709789 0.0443777 0.0555356 0.0286408 0.0441114 0.0179096 0.0356015 0.0106813 0.0291827 0.0058343 0.0242697 0.00259104 0.020452 0.000427551 0.0174415 0.0010063 0.015034 
0.192766 0.192765 0.079267 0.191738 0.0760341 0.179033 0.137942 0.150785 0.127743 0.119219 0.0967519 0.0922363 0.0673236 0.0714161 0.0448624 0.0559042 0.0290198 0.0444183 0.0181961 0.0358566 0.0108939 0.0293955 0.00599017 0.0244485 0.00270422 0.0206035 0.000508864 0.0175708 0.000948714 0.0151455 
0.192766 0.192765 0.0808933 0.191769 0.074521 0.17927 0.13756 0.151236 0.128089 0.119743 0.0973368 0.092736 0.0679014 0.0718535 0.0453481 0.0562735 0.0294005 0.0447259 0.0184844 0.0361124 0.0111081 0.0296091 0.00614743 0.024628 0.00281858 0.0207556 0.000591152 0.0177008 0.000890329 0.0152574 
0.192766 0.192765 0.0825022 0.191799 0.0730041 0.179503 0.137166 0.151683 0.128425 0.120266 0.0979177 0.0932351 0.0684786 0.0722911 0.0458348 0.0566433 0.0297828 0.0450343 0.0187744 0.0363689 0.0113239 0.0298234 0.00630609 0.0248082 0.00293412 0.0209082 0.000674418 0.0178312 0.00083114 0.0153699 
0.192766 0.192765 0.0840936 0.191829 0.0714836 0.179733 0.136759 0.152127 0.128753 0.120786 0.0984948 0.0937336 0.0690552 0.0727289 0.0463225 0.0570137 0.0301667 0.0453434 0.019066 0.0366263 0.0115413 0.0300384 0.00646614 0.024989 0.00305083 0.0210615 0.000758665 0.0179622 0.000771144 0.0154827 
0.192766 0.192765 0.0856677 0.191857 0.0699596 0.17996 0.136341 0.152568 0.129071 0.121304 0.099068 0.0942314 0.0696311 0.0731668 0.0468111 0.0573847 0.0305522 0.0456532 0.0193594 0.0368844 0.0117602 0.0302541 0.00662759 0.0251705 0.00316873 0.0212154 0.000843895 0.0180938 0.000710339 0.0155961 
0.192766 0.192765 0.0872245 0.191885 0.0684324 0.180183 0.13591 0.153005 0.129381 0.121821 0.0996371 0.0947285 0.0702062 0.0736048 0.0473006 0.0577562 0.0309393 0.0459637 0.0196545 0.0371432 0.0119808 0.0304705 0.00679043 0.0253526 0.00328781 0.0213698 0.000930111 0.0182258 0.00064872 0.0157099 
0.192766 0.192765 0.088764 0.191912 0.0669023 0.180403 0.135467 0.153438 0.129682 0.122335 0.100202 0.095225 0.0707806 0.074043 0.047791 0.0581282 0.0313279 0.0462749 0.0199512 0.0374027 0.0122029 0.0306877 0.00695466 0.0255354 0.00340807 0.0215249 0.00101732 0.0183584 0.000586285 0.0158242 
0.192766 0.192765 0.0902863 0.191938 0.0653694 0.180619 0.135012 0.153868 0.129974 0.122847 0.100763 0.0957207 0.0713541 0.0744813 0.0482823 0.0585008 0.031718 0.0465868 0.0202497 0.037663 0.0124266 0.0309056 0.00712028 0.0257189 0.00352952 0.0216805 0.00110551 0.0184915 0.000523031 0.0159389 
0.192766 0.192765 0.0917915 0.191963 0.063834 0.180832 0.134546 0.154294 0.130256 0.123357 0.10132 0.0962157 0.0719267 0.0749197 0.0487743 0.0588739 0.0321095 0.0468995 0.0205497 0.0379241 0.0126519 0.0311241 0.00728729 0.025903 0.00365216 0.0218367 0.0011947 0.0186251 0.000458956 0.0160542 
0.192766 0.192765 0.0932796 0.191988 0.0622963 0.181042 0.134067 0.154717 0.13053 0.123865 0.101872 0.09671 0.0724984 0.0753582 0.0492672 0.0592475 0.0325026 0.0472128 0.0208515 0.0381858 0.0128787 0.0313434 0.00745569 0.0260877 0.00377599 0.0219935 0.00128488 0.0187593 0.000394056 0.0161699 
0.192766 0.192765 0.0947508 0.192012 0.0607565 0.181248 0.133577 0.155137 0.130795 0.124371 0.102421 0.0972035 0.0730692 0.0757967 0.0497608 0.0596216 0.0328971 0.0475267 0.0211548 0.0384483 0.0131071 0.0315634 0.00762547 0.0262731 0.003901 0.0221509 0.00137606 0.018894 0.000328329 0.016286 
0.192766 0.192765 0.096205 0.192035 0.0592148 0.181452 0.133076 0.155553 0.131051 0.124875 0.102965 0.0976962 0.0736389 0.0762353 0.050255 0.0599962 0.0332931 0.0478414 0.0214598 0.0387115 0.0133371 0.031784 0.00779665 0.0264592 0.0040272 0.0223089 0.00146824 0.0190292 0.000261772 0.0164026 
0.192766 0.192766 0.0976424 0.192057 0.0576714 0.181652 0.132563 0.155965 0.131298 0.125377 0.103504 0.0981881 0.0742075 0.076674 0.05075 0.0603712 0.0336905 0.0481566 0.0217664 0.0389754 0.0135686 0.0320054 0.00796921 0.0266458 0.00415459 0.0224675 0.00156142 0.0191649 0.000194383 0.0165197 
0.192766 0.192766 0.099063 0.192079 0.0561266 0.181849 0.132039 0.156374 0.131536 0.125877 0.104039 0.0986792 0.074775 0.0771126 0.0512456 0.0607467 0.0340893 0.0484726 0.0220746 0.03924 0.0138017 0.0322274 0.00814315 0.0268332 0.00428318 0.0226266 0.00165561 0.0193011 0.000126159 0.0166373 
0.192766 0.192766 0.100467 0.1921 0.0545805 0.182043 0.131503 0.15678 0.131765 0.126374 0.10457 0.0991695 0.0753413 0.0775513 0.0517418 0.0611227 0.0344894 0.0487892 0.0223843 0.0395053 0.0140363 0.0324502 0.00831848 0.0270211 0.00441295 0.0227863 0.0017508 0.0194379 5.7097e-05 0.0167553 
0.192766 0.192766 0.101854 0.192121 0.0530333 0.182234 0.130957 0.157182 0.131984 0.12687 0.105096 0.0996589 0.0759065 0.0779899 0.0522386 0.0614991 0.0348909 0.0491064 0.0226957 0.0397713 0.0142724 0.0326736 0.00849519 0.0272097 0.00454392 0.0229466 0.001847 0.0195752 1.28043e-05 0.0168737 
0.192766 0.192766 0.103225 0.192141 0.0514852 0.182422 0.130399 0.15758 0.132195 0.127363 0.105618 0.100147 0.0764703 0.0784286 0.0527359 0.0618759 0.0352938 0.0494242 0.0230086 0.040038 0.0145101 0.0328977 0.00867327 0.027399 0.00467608 0.0231075 0.0019442 0.0197129 8.35478e-05 0.0169927 
0.192766 0.192766 0.10458 0.19216 0.0499365 0.182607 0.129831 0.157976 0.132397 0.127854 0.106135 0.100635 0.0770329 0.0788672 0.0532338 0.0622531 0.0356979 0.0497427 0.0233231 0.0403054 0.0147492 0.0331224 0.00885274 0.0275888 0.00480944 0.023269 0.00204242 0.0198513 0.000155136 0.0171121 
0.192766 0.192766 0.105918 0.192179 0.0483873 0.182789 0.129251 0.158368 0.132589 0.128343 0.106647 0.101122 0.0775941 0.0793057 0.0537321 0.0626308 0.0361034 0.0500618 0.0236391 0.0405734 0.01499 0.0333478 0.00903357 0.0277793 0.00494399 0.023431 0.00214165 0.0199901 0.00022757 0.0172319 
0.192766 0.192766 0.10724 0.192197 0.0468377 0.182968 0.128661 0.158756 0.132773 0.12883 0.107155 0.101608 0.0781539 0.0797442 0.0542308 0.0630088 0.0365101 0.0503815 0.0239567 0.0408421 0.0152322 0.0335739 0.00921579 0.0279704 0.00507973 0.0235936 0.00224189 0.0201294 0.000300854 0.0173522 
0.192766 0.192766 0.108545 0.192215 0.0452881 0.183145 0.128061 0.159141 0.132947 0.129314 0.107658 0.102093 0.0787123 0.0801826 0.05473 0.0633872 0.036918 0.0507017 0.0242758 0.0411115 0.0154759 0.0338007 0.00939937 0.0281621 0.00521666 0.0237567 0.00234314 0.0202693 0.000374988 0.017473 
0.192766 0.192766 0.109835 0.192232 0.0437386 0.183318 0.12745 0.159523 0.133112 0.129797 0.108156 0.102577 0.0792692 0.0806209 0.0552296 0.063766 0.0373272 0.0510226 0.0245964 0.0413815 0.0157211 0.0340281 0.00958432 0.0283545 0.00535479 0.0239205 0.00244542 0.0204096 0.000449975 0.0175942 
0.192766 0.192766 0.111109 0.192249 0.0421893 0.183489 0.126829 0.159902 0.133269 0.130277 0.108649 0.10306 0.0798245 0.0810591 0.0557294 0.0641452 0.0377376 0.051344 0.0249184 0.0416522 0.0159679 0.0342562 0.00977064 0.0285475 0.00549411 0.0240848 0.00254871 0.0205505 0.000525818 0.0177159 
0.192766 0.192766 0.112367 0.192265 0.0406404 0.183657 0.126197 0.160277 0.133416 0.130755 0.109138 0.103542 0.0803783 0.0814972 0.0562296 0.0645247 0.0381492 0.0516661 0.025242 0.0419236 0.0162161 0.0344849 0.00995832 0.0287411 0.00563463 0.0242496 0.00265302 0.0206919 0.000602517 0.0178381 
0.192766 0.192766 0.113609 0.192281 0.0390922 0.183822 0.125556 0.160648 0.133554 0.13123 0.109621 0.104023 0.0809305 0.0819351 0.0567301 0.0649045 0.0385619 0.0519886 0.025567 0.0421956 0.0164658 0.0347143 0.0101474 0.0289353 0.00577634 0.0244151 0.00275834 0.0208338 0.000680076 0.0179606 
0.192766 0.192766 0.114836 0.192296 0.0375447 0.183985 0.124904 0.161017 0.133683 0.131704 0.1101 0.104503 0.081481 0.0823729 0.0572308 0.0652847 0.0389758 0.0523118 0.0258935 0.0424682 0.0167169 0.0349443 0.0103378 0.0291301 0.00591924 0.024581 0.00286469 0.0209762 0.000758495 0.0180837 
0.192766 0.192766 0.116047 0.192311 0.0359982 0.184145 0.124242 0.161382 0.133803 0.132175 0.110574 0.104982 0.0820298 0.0828105 0.0577317 0.0656652 0.0393908 0.0526355 0.0262214 0.0427415 0.0169696 0.0351749 0.0105295 0.0293255 0.00606334 0.0247476 0.00297207 0.0211191 0.000837777 0.0182072 
0.192766 0.192766 0.117243 0.192325 0.0344528 0.184302 0.123571 0.161744 0.133914 0.132644 0.111042 0.10546 0.0825769 0.083248 0.0582328 0.0660459 0.0398069 0.0529597 0.0265508 0.0430154 0.0172236 0.0354062 0.0107226 0.0295215 0.00620863 0.0249147 0.00308046 0.0212625 0.000917923 0.0183312 
0.192766 0.192766 0.118424 0.192339 0.0329087 0.184457 0.12289 0.162102 0.134016 0.133111 0.111506 0.105937 0.0831221 0.0836853 0.058734 0.066427 0.040224 0.0532844 0.0268815 0.0432899 0.0174792 0.0356381 0.0109171 0.0297182 0.00635511 0.0250824 0.00318988 0.0214064 0.000998936 0.0184556 
0.192766 0.192766 0.119589 0.192352 0.0313661 0.184609 0.1222 0.162458 0.134109 0.133575 0.111964 0.106413 0.0836655 0.0841223 0.0592354 0.0668084 0.0406422 0.0536097 0.0272137 0.043565 0.0177362 0.0358707 0.0111129 0.0299154 0.00650278 0.0252506 0.00330032 0.0215508 0.00108082 0.0185804 
0.192766 0.192766 0.120739 0.192365 0.0298251 0.184759 0.1215 0.16281 0.134193 0.134037 0.112417 0.106888 0.0842071 0.0845592 0.0597368 0.0671901 0.0410615 0.0539355 0.0275473 0.0438408 0.0179946 0.0361039 0.01131 0.0301133 0.00665164 0.0254193 0.00341179 0.0216958 0.00116357 0.0187057 
0.192766 0.192766 0.121875 0.192378 0.0282858 0.184906 0.12079 0.163159 0.134267 0.134497 0.112865 0.107362 0.0847467 0.0849958 0.0602382 0.067572 0.0414817 0.0542618 0.0278822 0.0441171 0.0182545 0.0363377 0.0115085 0.0303117 0.00680169 0.0255887 0.00352429 0.0218412 0.00124719 0.0188315 
0.192766 0.192766 0.122995 0.19239 0.0267485 0.185051 0.120072 0.163504 0.134333 0.134955 0.113308 0.107835 0.0852844 0.0854321 0.0607397 0.0679541 0.0419029 0.0545886 0.0282185 0.0443941 0.0185158 0.0365721 0.0117083 0.0305107 0.00695293 0.0257585 0.00363781 0.0219871 0.00133168 0.0189577 
0.192766 0.192766 0.124101 0.192402 0.0252133 0.185193 0.119344 0.163847 0.13439 0.13541 0.113746 0.108306 0.08582 0.0858683 0.0612411 0.0683365 0.0423251 0.054916 0.0285562 0.0446716 0.0187785 0.0368071 0.0119095 0.0307103 0.00710536 0.025929 0.00375236 0.0221335 0.00141704 0.0190844 
0.192766 0.192766 0.125192 0.192414 0.0236803 0.185334 0.118608 0.164186 0.134438 0.135863 0.114178 0.108777 0.0863536 0.0863041 0.0617425 0.0687192 0.0427482 0.0552438 0.0288951 0.0449498 0.0190426 0.0370428 0.012112 0.0309105 0.00725898 0.0260999 0.00386794 0.0222805 0.00150329 0.0192115 
0.192766 0.192766 0.126269 0.192425 0.0221497 0.185471 0.117862 0.164522 0.134477 0.136313 0.114605 0.109246 0.0868851 0.0867397 0.0622437 0.069102 0.0431723 0.055572 0.0292354 0.0452285 0.0193081 0.037279 0.0123158 0.0311113 0.00741378 0.0262714 0.00398455 0.0224279 0.00159041 0.0193391 
0.192766 0.192766 0.127332 0.192436 0.0206216 0.185607 0.117108 0.164855 0.134506 0.136762 0.115026 0.109714 0.0874145 0.0871749 0.0627449 0.0694851 0.0435972 0.0559008 0.029577 0.0455078 0.019575 0.0375159 0.0125209 0.0313127 0.00756977 0.0264435 0.00410219 0.0225758 0.0016784 0.0194671 
0.192766 0.192766 0.12838 0.192446 0.0190961 0.18574 0.116345 0.165185 0.134527 0.137208 0.115443 0.110181 0.0879418 0.0876099 0.0632459 0.0698684 0.044023 0.05623 0.0299199 0.0457877 0.0198433 0.0377534 0.0127274 0.0315147 0.00772694 0.0266161 0.00422085 0.0227242 0.00176728 0.0195955 
0.192766 0.192766 0.129414 0.192456 0.0175735 0.185871 0.115574 0.165512 0.134539 0.137652 0.115853 0.110647 0.0884668 0.0880445 0.0637467 0.0702519 0.0444497 0.0565596 0.0302641 0.0460681 0.020113 0.0379914 0.0129351 0.0317172 0.00788529 0.0267893 0.00434055 0.0228731 0.00185704 0.0197244 
0.192766 0.192766 0.130435 0.192466 0.0160539 0.186 0.114794 0.165835 0.134543 0.138093 0.116259 0.111112 0.0889895 0.0884788 0.0642473 0.0706355 0.0448771 0.0568898 0.0306096 0.0463491 0.020384 0.0382301 0.0131442 0.0319203 0.00804482 0.0269629 0.00446128 0.0230225 0.00194767 0.0198538 
0.192766 0.192766 0.131441 0.192476 0.0145373 0.186126 0.114006 0.166156 0.134537 0.138532 0.116659 0.111575 0.08951 0.0889128 0.0647476 0.0710193 0.0453054 0.0572203 0.0309563 0.0466307 0.0206564 0.0384693 0.0133546 0.032124 0.00820554 0.0271372 0.00458303 0.0231724 0.00203919 0.0199835 
0.192766 0.192766 0.132434 0.192485 0.0130239 0.186251 0.11321 0.166473 0.134522 0.138969 0.117053 0.112038 0.0900282 0.0893464 0.0652476 0.0714033 0.0457345 0.0575513 0.0313042 0.0469128 0.0209302 0.0387091 0.0135663 0.0323283 0.00836743 0.0273119 0.00470582 0.0233228 0.0021316 0.0201138 
0.192766 0.192766 0.133413 0.192494 0.0115139 0.186373 0.112406 0.166788 0.134499 0.139404 0.117442 0.112499 0.090544 0.0897796 0.0657473 0.0717874 0.0461643 0.0578827 0.0316533 0.0471955 0.0212053 0.0389495 0.0137793 0.0325331 0.00853049 0.0274872 0.00482964 0.0234736 0.00222489 0.0202445 
0.192766 0.192766 0.134379 0.192503 0.0100073 0.186493 0.111594 0.167099 0.134466 0.139836 0.117825 0.112958 0.0910574 0.0902125 0.0662466 0.0721717 0.0465948 0.0582145 0.0320037 0.0474787 0.0214817 0.0391905 0.0139936 0.0327385 0.00869474 0.027663 0.00495448 0.023625 0.00231907 0.0203756 
0.192766 0.192766 0.135331 0.192511 0.00850432 0.186612 0.110774 0.167407 0.134425 0.140265 0.118203 0.113417 0.0915683 0.0906449 0.0667456 0.0725561 0.047026 0.0585468 0.0323552 0.0477625 0.0217595 0.0394321 0.0142091 0.0329445 0.00886015 0.0278394 0.00508036 0.0237768 0.00241413 0.0205071 
0.192766 0.192766 0.13627 0.192519 0.00700507 0.186728 0.109946 0.167713 0.134375 0.140693 0.118575 0.113874 0.0920768 0.091077 0.0672441 0.0729406 0.047458 0.0588794 0.0327079 0.0480467 0.0220385 0.0396742 0.014426 0.033151 0.00902674 0.0280162 0.00520727 0.0239292 0.00251008 0.0206391 
0.192766 0.192766 0.137196 0.192527 0.00550966 0.186842 0.109111 0.168015 0.134317 0.141118 0.118941 0.11433 0.0925827 0.0915086 0.0677422 0.0733252 0.0478906 0.0592124 0.0330618 0.0483315 0.0223189 0.0399169 0.0146441 0.0333581 0.0091945 0.0281937 0.00533521 0.024082 0.00260692 0.0207716 
0.192766 0.192766 0.138109 0.192535 0.00401821 0.186954 0.108268 0.168314 0.134249 0.141541 0.119302 0.114785 0.0930861 0.0919398 0.0682398 0.07371 0.0483238 0.0595458 0.0334168 0.0486169 0.0226006 0.0401601 0.0148635 0.0335657 0.00936342 0.0283716 0.00546418 0.0242353 0.00270465 0.0209045 
0.192766 0.192766 0.13901 0.192543 0.00253083 0.187065 0.107418 0.168611 0.134173 0.141961 0.119657 0.115239 0.0935869 0.0923705 0.0687369 0.0740948 0.0487576 0.0598796 0.033773 0.0489027 0.0228836 0.0404039 0.0150842 0.0337739 0.00953351 0.02855 0.00559418 0.0243891 0.00280327 0.0210378 
0.192766 0.192766 0.139897 0.19255 0.00104763 0.187173 0.10656 0.168904 0.134089 0.142379 0.120006 0.115691 0.0940851 0.0928008 0.0692334 0.0744797 0.0491921 0.0602138 0.0341302 0.049189 0.0231679 0.0406483 0.0153061 0.0339826 0.00970477 0.028729 0.00572521 0.0245433 0.00290278 0.0211715 
0.192766 0.192766 0.140772 0.192557 0.000431271 0.187279 0.105696 0.169195 0.133995 0.142795 0.12035 0.116142 0.0945806 0.0932307 0.0697293 0.0748646 0.0496271 0.0605483 0.0344886 0.0494759 0.0234534 0.0408932 0.0155293 0.0341919 0.00987718 0.0289085 0.00585726 0.0246981 0.00300318 0.0213057 
0.192766 0.192766 0.141635 0.192563 0.00190577 0.187384 0.104824 0.169482 0.133893 0.143208 0.120688 0.116591 0.0950734 0.09366 0.0702247 0.0752496 0.0500626 0.0608832 0.034848 0.0497632 0.0237402 0.0411387 0.0157538 0.0344018 0.0100508 0.0290885 0.00599035 0.0248533 0.00310447 0.0214404 
0.192766 0.192766 0.142485 0.19257 0.00337576 0.187487 0.103946 0.169767 0.133783 0.14362 0.12102 0.117039 0.0955634 0.0940889 0.0707193 0.0756347 0.0504987 0.0612185 0.0352086 0.0500511 0.0240283 0.0413847 0.0159795 0.0346121 0.0102255 0.0292691 0.00612446 0.025009 0.00320666 0.0215754 
0.192766 0.192766 0.143323 0.192576 0.00484113 0.187588 0.103061 0.170049 0.133664 0.144028 0.121346 0.117486 0.0960507 0.0945172 0.0712133 0.0760198 0.0509352 0.061554 0.0355701 0.0503394 0.0243176 0.0416313 0.0162065 0.0348231 0.0104014 0.0294501 0.0062596 0.0251652 0.00330974 0.0217109 
0.192766 0.192766 0.144149 0.192583 0.00630179 0.187687 0.102169 0.170328 0.133536 0.144435 0.121666 0.117932 0.0965352 0.0949451 0.0717066 0.0764049 0.0513723 0.0618899 0.0359327 0.0506282 0.0246081 0.0418783 0.0164347 0.0350345 0.0105784 0.0296317 0.00639577 0.0253218 0.00341372 0.0218469 
0.192766 0.192766 0.144963 0.192588 0.00775763 0.187785 0.101271 0.170605 0.1334 0.144839 0.121981 0.118376 0.0970168 0.0953724 0.0721992 0.0767901 0.0518098 0.0622262 0.0362964 0.0509175 0.0248999 0.042126 0.0166641 0.0352465 0.0107566 0.0298138 0.00653297 0.025479 0.00351859 0.0219833 
0.192766 0.192766 0.145765 0.192594 0.00920857 0.187881 0.100366 0.170878 0.133255 0.14524 0.122289 0.118819 0.0974956 0.0957992 0.072691 0.0771752 0.0522477 0.0625627 0.036661 0.0512072 0.0251929 0.0423741 0.0168948 0.035459 0.0109359 0.0299963 0.00667119 0.0256366 0.00362435 0.0221201 
0.192766 0.192766 0.146556 0.1926 0.0106545 0.187975 0.0994547 0.171149 0.133102 0.14564 0.122592 0.11926 0.0979715 0.0962255 0.0731819 0.0775604 0.052686 0.0628996 0.0370266 0.0514975 0.025487 0.0426228 0.0171267 0.0356721 0.0111164 0.0301794 0.00681044 0.0257947 0.00373101 0.0222573 
0.192766 0.192766 0.147335 0.192605 0.0120953 0.188067 0.0985374 0.171417 0.132941 0.146037 0.122889 0.1197 0.0984444 0.0966511 0.0736721 0.0779456 0.0531247 0.0632367 0.0373932 0.0517881 0.0257824 0.042872 0.0173598 0.0358857 0.011298 0.030363 0.00695071 0.0259532 0.00383856 0.022395 
0.192766 0.192766 0.148102 0.192611 0.013531 0.188158 0.097614 0.171682 0.132771 0.146431 0.12318 0.120139 0.0989143 0.0970763 0.0741613 0.0783307 0.0535638 0.0635742 0.0377608 0.0520792 0.026079 0.0431217 0.0175941 0.0360998 0.0114808 0.0305471 0.007092 0.0261122 0.00394702 0.0225331 
0.192766 0.192766 0.148858 0.192616 0.0149613 0.188248 0.0966846 0.171944 0.132593 0.146823 0.123465 0.120576 0.0993813 0.0975008 0.0746497 0.0787158 0.0540032 0.0639119 0.0381293 0.0523708 0.0263768 0.0433719 0.0178296 0.0363144 0.0116647 0.0307317 0.00723432 0.0262717 0.00405636 0.0226716 
0.192766 0.192766 0.149604 0.19262 0.0163863 0.188335 0.0957493 0.172204 0.132407 0.147213 0.123744 0.121012 0.0998452 0.0979248 0.0751372 0.0791009 0.0544429 0.06425 0.0384987 0.0526628 0.0266757 0.0436226 0.0180664 0.0365296 0.0118497 0.0309168 0.00737766 0.0264317 0.00416661 0.0228106 
0.192766 0.192766 0.150338 0.192625 0.0178059 0.188421 0.0948083 0.172461 0.132212 0.147601 0.124017 0.121447 0.100306 0.0983481 0.0756236 0.0794859 0.0548829 0.0645883 0.038869 0.0529553 0.0269758 0.0438738 0.0183043 0.0367452 0.0120359 0.0311024 0.00752201 0.0265921 0.00427775 0.02295 
0.192766 0.192766 0.151061 0.19263 0.01922 0.188506 0.0938616 0.172715 0.132009 0.147986 0.124284 0.12188 0.100764 0.0987709 0.0761091 0.0798708 0.0553231 0.0649268 0.0392403 0.0532482 0.027277 0.0441255 0.0185434 0.0369614 0.0122232 0.0312885 0.00766739 0.026753 0.00438979 0.0230898 
0.192766 0.192766 0.151773 0.192634 0.0206284 0.188589 0.0929095 0.172967 0.131798 0.148369 0.124545 0.122311 0.101218 0.099193 0.0765936 0.0802557 0.0557636 0.0652657 0.0396124 0.0535415 0.0275793 0.0443778 0.0187837 0.0371781 0.0124116 0.0314751 0.00781379 0.0269143 0.00450272 0.02323 
0.192766 0.192766 0.152475 0.192639 0.0220311 0.18867 0.0919519 0.173216 0.131579 0.14875 0.124801 0.122741 0.10167 0.0996145 0.077077 0.0806405 0.0562043 0.0656047 0.0399854 0.0538352 0.0278828 0.0446305 0.0190252 0.0373953 0.0126012 0.0316622 0.0079612 0.0270761 0.00461655 0.0233707 
0.192766 0.192766 0.153166 0.192643 0.0234281 0.188751 0.0909889 0.173462 0.131352 0.149128 0.12505 0.12317 0.102118 0.100035 0.0775594 0.0810253 0.0566452 0.065944 0.0403592 0.0541293 0.0281874 0.0448837 0.0192678 0.037613 0.0127918 0.0318498 0.00810963 0.0272384 0.00473128 0.0235118 
0.192766 0.192766 0.153846 0.192647 0.0248193 0.188829 0.0900208 0.173706 0.131116 0.149504 0.125293 0.123597 0.102563 0.100456 0.0780406 0.0814099 0.0570863 0.0662836 0.0407338 0.0544239 0.0284931 0.0451374 0.0195117 0.0378312 0.0129836 0.0320379 0.00825908 0.0274012 0.0048469 0.0236533 
0.192766 0.192766 0.154516 0.192651 0.0262045 0.188906 0.0890477 0.173947 0.130873 0.149877 0.12553 0.124023 0.103005 0.100875 0.0785207 0.0817944 0.0575275 0.0666234 0.0411093 0.0547188 0.0288 0.0453915 0.0197566 0.0380499 0.0131765 0.0322264 0.00840954 0.0275643 0.00496343 0.0237952 
0.192766 0.192766 0.155177 0.192655 0.0275838 0.188982 0.0880695 0.174186 0.130622 0.150248 0.125761 0.124447 0.103443 0.101294 0.0789997 0.0821789 0.0579689 0.0669634 0.0414856 0.0550142 0.0291078 0.0456462 0.0200028 0.0382691 0.0133705 0.0324155 0.00856101 0.027728 0.00508084 0.0239376 
0.192766 0.192766 0.155827 0.192658 0.0289571 0.189057 0.0870865 0.174422 0.130363 0.150617 0.125986 0.12487 0.103878 0.101712 0.0794774 0.0825631 0.0584103 0.0673036 0.0418626 0.0553099 0.0294168 0.0459013 0.0202501 0.0384888 0.0135656 0.032605 0.00871349 0.0278921 0.00519916 0.0240804 
0.192766 0.192766 0.156467 0.192662 0.0303242 0.18913 0.0860987 0.174655 0.130096 0.150984 0.126204 0.125291 0.10431 0.10213 0.0799539 0.0829473 0.0588518 0.067644 0.0422404 0.0556061 0.0297268 0.0461569 0.0204985 0.038709 0.0137618 0.032795 0.00886698 0.0280567 0.00531837 0.0242236 
0.192766 0.192766 0.157097 0.192665 0.0316852 0.189202 0.0851062 0.174886 0.129821 0.151348 0.126417 0.125711 0.104738 0.102547 0.0804292 0.0833313 0.0592934 0.0679846 0.0426189 0.0559026 0.0300379 0.0464129 0.020748 0.0389296 0.0139591 0.0329855 0.00902148 0.0282217 0.00543848 0.0243672 
0.192766 0.192766 0.157718 0.192669 0.03304 0.189272 0.0841093 0.175115 0.129538 0.15171 0.126624 0.12613 0.105164 0.102963 0.0809031 0.0837152 0.059735 0.0683254 0.0429982 0.0561994 0.03035 0.0466694 0.0209987 0.0391508 0.0141575 0.0331764 0.00917698 0.0283872 0.00555948 0.0245113 
0.192766 0.192766 0.158329 0.192672 0.0343885 0.189341 0.0831079 0.175341 0.129247 0.15207 0.126824 0.126546 0.105585 0.103378 0.0813758 0.0840989 0.0601766 0.0686664 0.0433782 0.0564967 0.0306632 0.0469264 0.0212505 0.0393724 0.014357 0.0333679 0.00933349 0.0285531 0.00568138 0.0246558 
0.192766 0.192766 0.15893 0.192675 0.0357306 0.189409 0.0821021 0.175565 0.128949 0.152427 0.127019 0.126962 0.106003 0.103793 0.0818471 0.0844825 0.0606182 0.0690075 0.0437589 0.0567943 0.0309774 0.0471838 0.0215034 0.0395946 0.0145575 0.0335598 0.009491 0.0287194 0.00580418 0.0248006 
0.192766 0.192766 0.159522 0.192678 0.0370663 0.189476 0.0810922 0.175786 0.128643 0.152782 0.127207 0.127376 0.106418 0.104207 0.082317 0.0848658 0.0610597 0.0693489 0.0441403 0.0570923 0.0312925 0.0474417 0.0217575 0.0398172 0.0147592 0.0337522 0.00964952 0.0288863 0.00592787 0.0249459 
0.192766 0.192766 0.160105 0.192681 0.0383956 0.189541 0.0800781 0.176004 0.12833 0.153135 0.127389 0.127788 0.106829 0.10462 0.0827855 0.085249 0.0615012 0.0696904 0.0445223 0.0573906 0.0316087 0.0477 0.0220126 0.0400402 0.0149619 0.033945 0.00980903 0.0290535 0.00605245 0.0250917 
0.192766 0.192766 0.160679 0.192684 0.0397184 0.189606 0.0790601 0.176221 0.128009 0.153485 0.127565 0.128199 0.107237 0.105032 0.0832526 0.085632 0.0619426 0.070032 0.044905 0.0576893 0.0319259 0.0479587 0.0222688 0.0402638 0.0151658 0.0341383 0.00996954 0.0292212 0.00617793 0.0252378 
0.192766 0.192766 0.161244 0.192686 0.0410346 0.189669 0.0780381 0.176435 0.12768 0.153833 0.127735 0.128608 0.107641 0.105444 0.0837183 0.0860148 0.0623839 0.0703738 0.0452883 0.0579883 0.032244 0.0482179 0.0225261 0.0404878 0.0153707 0.0343321 0.010131 0.0293894 0.0063043 0.0253843 
0.192766 0.192766 0.1618 0.192689 0.0423442 0.18973 0.0770123 0.176646 0.127344 0.154179 0.127899 0.129015 0.108041 0.105855 0.0841824 0.0863974 0.062825 0.0707157 0.0456723 0.0582877 0.0325631 0.0484775 0.0227845 0.0407123 0.0155766 0.0345264 0.0102935 0.029558 0.00643156 0.0255313 
0.192766 0.192766 0.162347 0.192692 0.0436472 0.189791 0.0759829 0.176856 0.127 0.154522 0.128057 0.129422 0.108438 0.106265 0.0846451 0.0867797 0.063266 0.0710578 0.0460568 0.0585873 0.0328832 0.0487375 0.023044 0.0409372 0.0157836 0.0347211 0.010457 0.029727 0.00655972 0.0256787 
0.192766 0.192766 0.162886 0.192694 0.0449434 0.189851 0.0749498 0.177063 0.12665 0.154864 0.128208 0.129826 0.108831 0.106674 0.0851062 0.0871619 0.0637068 0.0714 0.0464419 0.0588873 0.0332042 0.048998 0.0233045 0.0411626 0.0159917 0.0349163 0.0106215 0.0298965 0.00668877 0.0258264 
0.192766 0.192766 0.163416 0.192697 0.046233 0.189909 0.0739133 0.177267 0.126291 0.155203 0.128354 0.130229 0.109221 0.107083 0.0855657 0.0875438 0.0641475 0.0717423 0.0468276 0.0591877 0.0335261 0.0492589 0.0235661 0.0413884 0.0162009 0.0351119 0.010787 0.0300664 0.00681871 0.0259746 
0.192766 0.192766 0.163937 0.192699 0.0475157 0.189967 0.0728734 0.17747 0.125926 0.155539 0.128493 0.130631 0.109607 0.107491 0.0860237 0.0879254 0.0645878 0.0720847 0.0472138 0.0594883 0.033849 0.0495202 0.0238288 0.0416148 0.0164111 0.035308 0.0109535 0.0302368 0.00694954 0.0261232 
0.192766 0.192766 0.164451 0.192701 0.0487917 0.190023 0.0718302 0.17767 0.125553 0.155874 0.128626 0.131031 0.109989 0.107897 0.08648 0.0883068 0.065028 0.0724272 0.0476006 0.0597892 0.0341728 0.0497819 0.0240925 0.0418415 0.0166223 0.0355045 0.0111209 0.0304076 0.00708126 0.0262722 
0.192766 0.192766 0.164956 0.192703 0.0500607 0.190078 0.0707838 0.177868 0.125173 0.156206 0.128753 0.131429 0.110368 0.108304 0.0869347 0.0886879 0.0654679 0.0727698 0.0479878 0.0600905 0.0344974 0.050044 0.0243572 0.0420687 0.0168346 0.0357015 0.0112893 0.0305788 0.00721387 0.0264217 
0.192766 0.192766 0.165453 0.192705 0.0513229 0.190133 0.0697343 0.178063 0.124786 0.156536 0.128874 0.131826 0.110742 0.108709 0.0873877 0.0890688 0.0659074 0.0731125 0.0483756 0.060392 0.034823 0.0503065 0.024623 0.0422964 0.0170479 0.0358989 0.0114587 0.0307505 0.00734736 0.0265715 
0.192766 0.192766 0.165941 0.192707 0.0525782 0.190186 0.0686818 0.178257 0.124392 0.156863 0.128989 0.132221 0.111113 0.109113 0.087839 0.0894493 0.0663467 0.0734553 0.0487638 0.0606939 0.0351494 0.0505694 0.0248897 0.0425245 0.0172623 0.0360968 0.0116291 0.0309226 0.00748175 0.0267217 
0.192766 0.192766 0.166422 0.192709 0.0538265 0.190238 0.0676264 0.178448 0.12399 0.157189 0.129097 0.132614 0.11148 0.109517 0.0882886 0.0898296 0.0667856 0.0737982 0.0491525 0.060996 0.0354767 0.0508327 0.0251575 0.042753 0.0174777 0.0362951 0.0118005 0.0310951 0.00761702 0.0268723 
0.192766 0.192766 0.166896 0.192711 0.0550678 0.190289 0.0665683 0.178637 0.123582 0.157512 0.1292 0.133006 0.111844 0.109919 0.0887364 0.0902096 0.0672242 0.0741411 0.0495417 0.0612984 0.0358048 0.0510964 0.0254263 0.0429819 0.0176941 0.0364939 0.0119728 0.031268 0.00775317 0.0270234 
0.192766 0.192766 0.167361 0.192713 0.0563021 0.190339 0.0655075 0.178824 0.123167 0.157833 0.129296 0.133397 0.112203 0.110321 0.0891824 0.0905893 0.0676623 0.0744841 0.0499312 0.0616011 0.0361338 0.0513605 0.0256962 0.0432113 0.0179116 0.0366931 0.0121461 0.0314414 0.00789021 0.0271748 
0.192766 0.192766 0.167819 0.192715 0.0575293 0.190389 0.064444 0.179009 0.122745 0.158151 0.129386 0.133786 0.112559 0.110722 0.0896267 0.0909687 0.0681001 0.0748272 0.0503212 0.061904 0.0364635 0.051625 0.025967 0.0434412 0.01813 0.0368928 0.0123204 0.0316152 0.00802814 0.0273266 
0.192766 0.192766 0.16827 0.192717 0.0587495 0.190437 0.0633781 0.179191 0.122316 0.158468 0.12947 0.134173 0.112911 0.111122 0.0900691 0.0913478 0.0685374 0.0751703 0.0507116 0.0622073 0.0367942 0.0518898 0.0262387 0.0436714 0.0183495 0.0370928 0.0124956 0.0317894 0.00816694 0.0274789 
0.192766 0.192766 0.168713 0.192718 0.0599625 0.190485 0.0623097 0.179372 0.12188 0.158782 0.129548 0.134558 0.113258 0.111522 0.0905096 0.0917265 0.0689743 0.0755134 0.0511024 0.0625107 0.0371256 0.052155 0.0265115 0.0439021 0.01857 0.0372934 0.0126718 0.0319641 0.00830663 0.0276315 
0.192766 0.192766 0.169149 0.19272 0.0611685 0.190531 0.0612391 0.17955 0.121438 0.159094 0.12962 0.134942 0.113602 0.11192 0.0909483 0.0921049 0.0694107 0.0758566 0.0514935 0.0628144 0.0374578 0.0524206 0.0267852 0.0441332 0.0187915 0.0374943 0.0128489 0.0321391 0.0084472 0.0277846 
0.192766 0.192766 0.169577 0.192721 0.0623673 0.190577 0.0601662 0.179727 0.120989 0.159404 0.129686 0.135325 0.113942 0.112317 0.0913851 0.0924829 0.0698466 0.0761998 0.0518849 0.0631184 0.0377907 0.0526866 0.0270599 0.0443647 0.019014 0.0376957 0.013027 0.0323146 0.00858865 0.027938 
0.192766 0.192766 0.169999 0.192723 0.0635589 0.190622 0.0590912 0.179901 0.120533 0.159711 0.129745 0.135706 0.114278 0.112714 0.0918199 0.0928606 0.070282 0.076543 0.0522767 0.0634226 0.0381245 0.0529529 0.0273356 0.0445966 0.0192375 0.0378975 0.0132061 0.0324905 0.00873097 0.0280918 
0.192766 0.192766 0.170414 0.192724 0.0647433 0.190666 0.0580142 0.180073 0.120071 0.160017 0.129799 0.136085 0.114611 0.113109 0.0922528 0.093238 0.0707169 0.0768862 0.0526688 0.0637271 0.038459 0.0532195 0.0276122 0.044829 0.0194619 0.0380997 0.0133861 0.0326669 0.00887417 0.0282461 
0.192766 0.192766 0.170822 0.192726 0.0659205 0.190709 0.0569353 0.180244 0.119602 0.16032 0.129846 0.136462 0.114939 0.113504 0.0926837 0.0936149 0.0711512 0.0772295 0.0530612 0.0640318 0.0387942 0.0534866 0.0278897 0.0450617 0.0196874 0.0383024 0.0135671 0.0328436 0.00901825 0.0284007 
0.192766 0.192766 0.171223 0.192727 0.0670905 0.190751 0.0558545 0.180412 0.119127 0.160621 0.129887 0.136838 0.115263 0.113898 0.0931126 0.0939915 0.0715849 0.0775727 0.0534539 0.0643367 0.0391302 0.0537539 0.0281682 0.0452949 0.0199138 0.0385055 0.013749 0.0330207 0.0091632 0.0285557 
0.192766 0.192766 0.171617 0.192728 0.0682532 0.190792 0.0547719 0.180578 0.118645 0.16092 0.129922 0.137212 0.115583 0.11429 0.0935395 0.0943677 0.072018 0.0779159 0.0538468 0.0646418 0.0394669 0.0540216 0.0284475 0.0455284 0.0201412 0.038709 0.0139319 0.0331983 0.00930903 0.0287111 
0.192766 0.192766 0.172005 0.19273 0.0694087 0.190833 0.0536877 0.180743 0.118157 0.161217 0.129951 0.137585 0.115899 0.114682 0.0939643 0.0947436 0.0724505 0.0782591 0.0542399 0.0649471 0.0398043 0.0542897 0.0287278 0.0457624 0.0203696 0.0389129 0.0141157 0.0333763 0.00945572 0.0288669 
0.192766 0.192766 0.172386 0.192731 0.0705569 0.190873 0.0526019 0.180905 0.117663 0.161511 0.129974 0.137956 0.116211 0.115073 0.094387 0.095119 0.0728823 0.0786023 0.0546333 0.0652527 0.0401424 0.0545581 0.0290091 0.0459967 0.020599 0.0391172 0.0143004 0.0335547 0.00960329 0.0290231 
