                   N               error          calculated               exact       comp time (s)            variance
              500000           0.0102743             0.20304            0.192766           0.0961206           0.0236112
             1000000           0.0314271            0.161339            0.192766            0.177489           0.0354492
             1500000           0.0156061             0.17716            0.192766            0.248435            0.012548
             2000000          0.00586085            0.186905            0.192766             0.33378           0.0147772
             2500000          0.00556818            0.198334            0.192766            0.412529           0.0171197
             3000000          0.00277932            0.189986            0.192766            0.501401           0.0126334
             3500000          0.00316722            0.195933            0.192766            0.599243           0.0142059
             4000000          0.00258107            0.190185            0.192766            0.673973           0.0169115
             4500000          0.00013992            0.192906            0.192766            0.768825           0.0194309
             5000000          0.00259994            0.190166            0.192766            0.854174           0.0208582
             5500000         0.000570664            0.192195            0.192766            0.909261           0.0195865
             6000000          0.00171131            0.194477            0.192766            0.999855           0.0496111
             6500000          0.00720028            0.185565            0.192766             1.12392            0.019098
             7000000           0.0022308            0.194997            0.192766             1.16499           0.0228342
             7500000           0.0014702            0.191296            0.192766             1.28952           0.0295787
             8000000          0.00276557                0.19            0.192766             1.40418           0.0168753
             8500000          0.00502505            0.197791            0.192766             1.41674           0.0188883
             9000000          0.00678547            0.199551            0.192766             1.55521           0.0980423
             9500000          0.00292186            0.189844            0.192766             1.56996           0.0219801
            10000000          0.00331209            0.189454            0.192766             1.66536           0.0311669
            10500000          0.00265527            0.195421            0.192766             1.76202           0.0245325
            11000000          0.00496101            0.187805            0.192766             1.83767           0.0182778
            11500000          0.00309997            0.189666            0.192766             1.92315           0.0657939
            12000000          0.00276911            0.195535            0.192766             2.01783           0.0210252
            12500000          0.00124279            0.194009            0.192766             2.07685           0.0804676
            13000000          0.00059598            0.193362            0.192766             2.16712            0.045941
            13500000          0.00434481            0.197111            0.192766              2.2313           0.0720974
            14000000          0.00193859            0.194704            0.192766             2.31624           0.0212265
            14500000         0.000626933            0.193393            0.192766             2.39593           0.0175318
            15000000          0.00232329            0.190442            0.192766             2.49473           0.0154069
            15500000         5.87806e-05            0.192707            0.192766             2.57378           0.0212135
            16000000          0.00126172            0.194027            0.192766              2.6337           0.0216397
            16500000         4.32749e-05            0.192809            0.192766             2.72147           0.0159198
            17000000         0.000879054            0.191887            0.192766             2.79459           0.0230934
            17500000         0.000652639            0.192113            0.192766              2.8771           0.0185572
            18000000          0.00173292            0.194499            0.192766             2.96053           0.0178432
            18500000          0.00114584            0.193912            0.192766             3.11338           0.0151573
            19000000          0.00159206            0.191174            0.192766             3.13211            0.021919
            19500000         0.000694461             0.19346            0.192766             3.20856           0.0222276
            20000000         0.000359502            0.192406            0.192766             3.28894            0.031735
            20500000          0.00301111            0.189755            0.192766             3.37558           0.0153551
            21000000         0.000925862            0.193692            0.192766             3.45125           0.0173975
            21500000          0.00344255            0.196208            0.192766             3.56412            0.027664
            22000000          0.00124687            0.191519            0.192766             3.64376           0.0212893
            22500000         0.000884434            0.191881            0.192766             3.71431           0.0206877
            23000000          0.00124458             0.19401            0.192766             3.79745           0.0177928
            23500000          0.00270289            0.190063            0.192766             3.87913           0.0208424
            24000000          0.00106017            0.193826            0.192766             3.95921           0.0146209
            24500000          0.00432934            0.188436            0.192766             4.10588           0.0323511
            25000000         0.000220286            0.192986            0.192766             4.23247            0.021855
            25500000          0.00065543             0.19211            0.192766             4.26795           0.0180398
            26000000         0.000268056            0.193034            0.192766             4.32177           0.0232514
            26500000         0.000903846            0.191862            0.192766             4.47497           0.0168226
            27000000          0.00122402             0.19399            0.192766             4.55085           0.0241699
            27500000          0.00107099            0.193837            0.192766             4.59789           0.0162735
            28000000          0.00172892            0.194495            0.192766             4.73577           0.0230737
            28500000         0.000884334             0.19365            0.192766             4.81305           0.0206001
            29000000         0.000357538            0.193123            0.192766             4.91292            0.118293
            29500000         9.38975e-05            0.192672            0.192766             4.93855           0.0183822
            30000000          0.00123205            0.191534            0.192766             5.05151           0.0210047
            31000000         0.000296795            0.192469            0.192766             5.10699           0.0199979
            32000000          0.00048601             0.19228            0.192766             5.27206           0.0172592
            33000000         0.000336324            0.192429            0.192766             5.42832           0.0228762
            34000000         0.000416843            0.192349            0.192766             5.56405           0.0167018
            35000000         0.000466852            0.192299            0.192766             5.76853           0.0203149
            36000000         0.000612165            0.192154            0.192766             5.94234           0.0235965
            37000000          0.00271848            0.190047            0.192766             6.37893           0.0296468
            38000000         4.82592e-05            0.192717            0.192766             6.52366           0.0255905
            39000000          0.00056003            0.192206            0.192766             6.44148           0.0257764
            40000000          0.00320588            0.195972            0.192766              7.0746           0.0260425
            41000000         0.000285886            0.193052            0.192766             6.70334           0.0318447
            42000000           0.0010628            0.193829            0.192766             6.91615           0.0191244
            43000000          0.00022981            0.192536            0.192766             7.22804           0.0261758
            44000000          0.00133013            0.194096            0.192766             7.60705           0.0243517
            45000000           0.0006891            0.192077            0.192766             7.53065           0.0249585
            46000000         0.000321143            0.192445            0.192766             7.61569           0.0344252
            47000000         0.000833673            0.191932            0.192766             7.68294           0.0265634
            48000000         0.000413406            0.193179            0.192766             7.64066           0.0625261
            49000000         0.000407219            0.192358            0.192766             7.98727           0.0345004
            50000000           0.0001243             0.19289            0.192766             8.33338           0.0392744
            51000000          0.00128238            0.194048            0.192766             8.48502           0.0226449
            52000000         6.71151e-05            0.192833            0.192766             8.73708           0.0202088
            53000000          0.00164961            0.194415            0.192766             8.79578           0.0258601
            54000000           0.0013734            0.191392            0.192766             8.86389           0.0242439
            55000000          0.00211681            0.190649            0.192766             9.09404           0.0227169
            56000000          0.00245475            0.190311            0.192766             9.12809           0.0171676
            57000000         7.13951e-05            0.192837            0.192766             9.11074           0.0202644
            58000000         0.000790262            0.191975            0.192766             9.34123           0.0248941
            59000000         0.000232247            0.192533            0.192766             9.45422           0.0349522
            60000000         0.000997548            0.191768            0.192766             9.61577           0.0204434
            61000000         3.18717e-05            0.192734            0.192766             10.2436           0.0235316
            62000000         0.000763052            0.192003            0.192766               10.75           0.0203592
            63000000         0.000221342            0.192544            0.192766             10.0368           0.0227517
            64000000         0.000249635            0.193015            0.192766             10.2916           0.0222506
            65000000         0.000964789            0.191801            0.192766             10.4666           0.0331474
            66000000         2.11809e-05            0.192745            0.192766             10.8524           0.0196857
            67000000         0.000312424            0.193078            0.192766             11.2374           0.0262402
            68000000          0.00248554             0.19028            0.192766             11.0989           0.0245675
            69000000         0.000854027             0.19362            0.192766             11.4173           0.0220302
            70000000         0.000370077            0.192396            0.192766             11.2482           0.0618523
            71000000         0.000519918            0.192246            0.192766             11.5883           0.0193519
            72000000          0.00109064            0.193856            0.192766             11.4045           0.0239858
            73000000         0.000676287            0.192089            0.192766             11.5364           0.0246888
            74000000         0.000887487            0.191878            0.192766             12.4109           0.0201773
            75000000         0.000856022            0.193622            0.192766             12.1318           0.0239865
           105000000         0.000892212            0.193658            0.192766              17.166           0.0207663
           115000000         0.000828389            0.193594            0.192766             18.6073            0.016947
           125000000         0.000180098            0.192586            0.192766             20.8219           0.0221343
           135000000         0.000463496            0.192302            0.192766             22.3534           0.0224745
           145000000         0.000388133            0.193154            0.192766             23.2589           0.0199053
           155000000         0.000228256            0.192537            0.192766             25.0557           0.0205181
           165000000          0.00132778            0.191438            0.192766             26.4977           0.0238043
           175000000         0.000449161            0.193215            0.192766             28.0614           0.0231967
           185000000         0.000339411            0.193105            0.192766              31.202           0.0243097
           195000000         0.000724339            0.192041            0.192766             31.8569           0.0224418
           205000000         0.000367173            0.193133            0.192766             33.2934           0.0206596
           215000000          0.00121823            0.191547            0.192766              35.819            0.023669
           225000000         0.000198048            0.192568            0.192766             37.5064           0.0238095
           235000000         0.000155927             0.19261            0.192766              39.196           0.0233446
           245000000         0.000920118            0.193686            0.192766             41.0412           0.0201253
           255000000         0.000387781            0.192378            0.192766              42.699           0.0192903
           265000000         0.000181635            0.192947            0.192766             42.7552           0.0209309
           275000000         0.000346281            0.192419            0.192766             44.2233           0.0235763
           285000000         0.000105124            0.192661            0.192766             45.9362           0.0230967
           295000000         0.000590598            0.192175            0.192766             47.6455           0.0250425
           305000000         0.000535251            0.193301            0.192766             48.7635           0.0223889
           315000000         3.36425e-05            0.192732            0.192766             50.5262           0.0241685
           325000000          0.00019012            0.192576            0.192766             51.9523           0.0219696
           335000000         0.000180083            0.192586            0.192766             53.4959           0.0274108
           345000000         0.000742403            0.193508            0.192766             56.2009           0.0239255
           355000000         0.000856179             0.19191            0.192766             59.8936           0.0247131
           365000000         0.000338193            0.192428            0.192766             63.1774           0.0226223
           375000000         4.28309e-05            0.192809            0.192766             62.4249           0.0236842
           385000000          0.00064173            0.193407            0.192766             61.6512           0.0226021
           395000000         0.000238586            0.192527            0.192766             63.7435           0.0238777
           405000000         0.000213395            0.192979            0.192766             65.0401           0.0229758
           415000000         0.000497068            0.192269            0.192766             67.0788           0.0198582
           425000000         5.53911e-05             0.19271            0.192766             70.1598           0.0255072
           435000000          0.00051127            0.192254            0.192766             72.7402           0.0238596
           445000000         0.000758393            0.192007            0.192766             74.1332           0.0276936
           455000000         2.75409e-05            0.192738            0.192766             76.1716           0.0257604
           465000000         0.000143935            0.192622            0.192766             78.2631           0.0229236
           475000000         0.000197424            0.192963            0.192766             78.8303           0.0213306
           485000000         0.000213909             0.19298            0.192766             80.6788           0.0207263
           495000000         0.000214627            0.192551            0.192766              82.845           0.0262276
           505000000          0.00028395             0.19305            0.192766             83.8408           0.0245041
           515000000         0.000360471            0.193126            0.192766             84.8237           0.0199093
           525000000           0.0010628            0.191703            0.192766             85.9731            0.021846
           535000000         0.000543443            0.192222            0.192766               88.98            0.025265
           545000000         9.77514e-05            0.192863            0.192766             89.3708           0.0230244
           555000000         9.38187e-05            0.192672            0.192766             89.5818           0.0251573
           565000000         0.000100368            0.192665            0.192766             93.4465           0.0241866
           575000000         0.000152452            0.192613            0.192766             95.4576           0.0234386
           585000000         0.000115105            0.192881            0.192766             97.2964           0.0254915
           595000000         0.000119876            0.192886            0.192766             99.0537           0.0247744
           605000000         0.000151837            0.192918            0.192766             102.456           0.0253209
           615000000         0.000560691            0.192205            0.192766             102.164           0.0235198
           625000000          0.00101616             0.19175            0.192766             102.961           0.0276135
           635000000         0.000467789            0.192298            0.192766             104.938           0.0218909
           645000000         5.49119e-05            0.192821            0.192766             106.932           0.0261473
           655000000         0.000171496            0.192594            0.192766             107.382            0.028631
           665000000         0.000315888             0.19245            0.192766             110.685           0.0474416
           675000000         0.000177653            0.192588            0.192766             112.609            0.023863
           685000000         8.07716e-05            0.192685            0.192766             114.857           0.0311147
           695000000         0.000213462            0.192979            0.192766             117.554           0.0221816
           705000000          0.00080736            0.191958            0.192766             135.598           0.0261317
           715000000         0.000309408            0.192456            0.192766             119.353           0.0233591
           725000000         0.000139244            0.192905            0.192766             121.095           0.0232667
